#|num|weight|mean|covariance matrix|
|0|0.00609349249866|29.1225481957 6.7279215807 -20.7768129417|7.84185250543 -0.450635233873 -7.61293652141 -0.450635233873 14.3070925223 0.4529111679 -7.61293652141 0.4529111679 11.7598626634|
|1|0.00328104834123|40.4088404381 17.2972257543 -51.8989791587|3.11528837537 -0.0968946373322 -1.5485156884 -0.0968946373322 5.79195482008 2.7716354525 -1.5485156884 2.7716354525 9.85440455258|
|2|0.00755940862004|62.3050102169 0.927431708301 -23.9823412785|6.60865837754 -6.01401932144 4.36108882831 -6.01401932144 27.8928910022 -10.7527192246 4.36108882831 -10.7527192246 8.15837863046|
|3|0.00259674131903|20.3580266534 7.42177979581 -13.1833827118|38.7094313025 -7.37405690299 16.2221077613 -7.37405690299 5.20666217463 -1.6325071706 16.2221077613 -1.6325071706 13.9924074562|
|4|0.00245601482502|40.3991566284 -1.75495228346 -47.6115793344|2.79181937365 -1.29164007815 -2.45994156443 -1.29164007815 5.23989897951 0.105956991823 -2.45994156443 0.105956991823 32.7512193894|
|5|0.0015863142746|57.5051701862 -13.7554185482 -42.9725704891|63.4394621087 43.9551404147 -19.6938035071 43.9551404147 32.2387601554 -9.77928234982 -19.6938035071 -9.77928234982 27.5660584625|
|6|0.0126649521906|48.8781827331 15.5387729842 -22.0979198927|33.3823797285 -19.9475950137 -14.8583298294 -19.9475950137 16.6812270298 8.98999058533 -14.8583298294 8.98999058533 9.74443268442|
|7|0.00435697032519|47.4252127157 22.7341479332 -50.9023168561|13.2447298014 -11.5259987015 -8.15170990398 -11.5259987015 15.6991051933 9.89360025276 -8.15170990398 9.89360025276 9.65196761049|
|8|0.0053190408463|43.7518114995 -3.67724462344 -54.6325992829|14.5727715137 5.89363614204 3.03313611004 5.89363614204 16.0134855271 -11.9060213428 3.03313611004 -11.9060213428 17.5315972791|
|9|0.00234002732666|63.0919796768 0.00297129713767 -11.5935637823|13.2779972756 -3.63833583261 17.4364443128 -3.63833583261 2.82119499428 -5.3127524987 17.4364443128 -5.3127524987 27.7305350469|
|10|0.00163184598203|25.7761472859 10.5505444222 -60.8900828607|8.40568614479 2.35434572226 3.94959513777 2.35434572226 5.81171744274 -1.74464448086 3.94959513777 -1.74464448086 5.78515729287|
|11|0.0171149721182|27.2583131677 16.0781939734 -61.137718853|11.8501775157 5.63945035728 -13.5961476807 5.63945035728 32.327360339 -4.32392994597 -13.5961476807 -4.32392994597 22.5195486126|
|12|0.00212088296632|42.6848959156 1.48951827256 -14.8825775353|5.1986646972 -0.307968976774 5.70858621773 -0.307968976774 2.77982651508 0.824753709958 5.70858621773 0.824753709958 11.2050037943|
|13|0.000969103176975|33.8995619902 16.6580682144 -28.7225386806|3.88962664124 1.73128104716 -3.14483681588 1.73128104716 2.74343562659 -2.6132143967 -3.14483681588 -2.6132143967 6.22992259626|
|14|0.00430924123641|52.8292091217 19.2264680496 -57.2574068907|58.371879309 -5.60627972545 25.9767192486 -5.60627972545 5.76300484364 3.52304789586 25.9767192486 3.52304789586 22.6314721817|
|15|0.0126803991983|34.2884865572 -7.61718619468 -20.1494626514|23.9645783456 -3.33158523527 11.8179052975 -3.33158523527 2.90373995955 -1.36285754048 11.8179052975 -1.36285754048 15.9609804331|
|16|0.00361749790126|42.767595328 33.6886444517 -10.0679999272|17.0952106297 3.11398838125 -7.03989530792 3.11398838125 3.46558468736 -3.65628565422 -7.03989530792 -3.65628565422 9.20192044842|
|17|0.000476434330865|45.6322752151 12.2336468379 -40.3624949957|54.6198874133 10.3637455174 60.5958416074 10.3637455174 10.4028642109 13.0643003898 60.5958416074 13.0643003898 67.8319690629|
|18|0.00352270089593|33.0342806792 26.3597946629 -11.5807336512|5.62504127152 7.45712611096 -5.87485113731 7.45712611096 16.1761147589 -7.99178514131 -5.87485113731 -7.99178514131 10.8387519231|
|19|0.00216146254374|55.8765977274 1.31651720146 0.236592407171|8.11676756507 0.492391765362 -2.31386080064 0.492391765362 10.6792027328 -10.0517953923 -2.31386080064 -10.0517953923 13.4984548017|
|20|0.000364799616813|39.8818357989 2.61909257717 -49.114520618|32.1425668778 3.22624246602 24.2318478699 3.22624246602 0.860279132957 2.07962696778 24.2318478699 2.07962696778 19.5703224945|
|21|0.00650822973527|34.572080133 -12.3603583851 -25.8524711852|39.9595714615 2.69905587735 8.99200744444 2.69905587735 3.8212387996 1.44188121807 8.99200744444 1.44188121807 5.47633347062|
|22|0.00102261394409|48.6158415985 16.0365717675 -47.0698165271|104.13769192 -25.5206528681 23.3019787361 -25.5206528681 7.34703928414 -6.24754160364 23.3019787361 -6.24754160364 7.01000249568|
|23|8.02478451572e-05|46.7501555515 20.4528093834 -61.0057317391|49.4665289136 19.4135152344 -2.69193093077 19.4135152344 20.4638377004 4.09299431601 -2.69193093077 4.09299431601 15.6370118446|
|24|0.00270243613731|35.8317867967 12.2292496147 -45.1010609989|100.956939417 14.8728768367 -18.7565286877 14.8728768367 13.4087105673 -5.71159861041 -18.7565286877 -5.71159861041 5.35234981375|
|25|0.00669642543542|61.0876082454 -9.87705023162 -31.9698141168|9.34382411497 -0.15807565421 -4.87890830702 -0.15807565421 9.91812782746 2.14164741424 -4.87890830702 2.14164741424 7.15286530102|
|26|0.0112413370527|55.6164710435 -18.1770631779 -45.2892816814|22.193744224 5.10902302148 -12.057960483 5.10902302148 6.42308414511 -3.57496695174 -12.057960483 -3.57496695174 13.058515232|
|27|0.000490962826373|41.6015496491 0.230094656441 -42.8506382045|10.8681109168 -14.6110461298 27.8741433724 -14.6110461298 37.5231071093 -39.6675342129 27.8741433724 -39.6675342129 73.0255944638|
|28|0.00320984441309|49.8469031078 16.2312997991 -8.85873266599|32.7437627285 10.3199608683 0.848900063897 10.3199608683 6.53627342616 -1.36253327973 0.848900063897 -1.36253327973 3.58709114533|
|29|0.00808364936974|39.9971561445 5.95046867395 -57.4898769594|36.8993702223 24.6873730713 -15.8976427888 24.6873730713 24.8821240497 -7.2486253748 -15.8976427888 -7.2486253748 11.4652073352|
|30|0.00124043977345|54.5283349284 -3.81162162685 -31.1324797163|25.2658751706 1.18232778758 4.07984226613 1.18232778758 1.62847223321 -1.28615254501 4.07984226613 -1.28615254501 5.71188153608|
|31|0.00235882365099|53.47429756 -5.53461891586 -59.1376556281|16.6817273925 9.84147825447 -1.08099196396 9.84147825447 14.1747558741 -4.11414730578 -1.08099196396 -4.11414730578 3.34827749432|
|32|0.00502936085026|13.9067779135 13.2239819469 -23.1085533395|8.10870868916 -1.60719744379 1.95531428569 -1.60719744379 18.7252996369 -7.32387972692 1.95531428569 -7.32387972692 11.2846397688|
|33|0.00239506597936|27.276171768 -0.117540149101 -59.8318706093|12.6131366544 4.54738792401 2.85638930735 4.54738792401 3.72746016331 1.72535045279 2.85638930735 1.72535045279 3.87413051467|
|34|0.0129897523502|30.7573884653 19.2780600595 -52.9890187302|11.3439375048 6.56651033124 -6.04464747392 6.56651033124 11.3138659486 -3.71017788848 -6.04464747392 -3.71017788848 11.6660737436|
|35|0.00537346696002|44.9332604933 25.8625185321 -49.8882108932|105.46620763 2.34459955767 -4.00583878749 2.34459955767 2.40505976962 -2.71793089786 -4.00583878749 -2.71793089786 14.7629601019|
|36|0.00347346914115|66.826617676 -6.25848194417 -34.4754411069|3.37457839198 -2.19981390248 -6.94811863817 -2.19981390248 6.25818533089 6.20566823803 -6.94811863817 6.20566823803 71.0532207774|
|37|0.00788578082182|65.4668548776 10.2411703496 -14.3079484696|18.2260219506 -37.1718227165 -16.5381586555 -37.1718227165 103.955214904 39.0620843663 -16.5381586555 39.0620843663 18.6651681635|
|38|5.50921503248e-05|43.6705707431 -5.10529154572 -58.1260188817|15.7665157572 -31.7446861012 6.94932971768 -31.7446861012 74.6682281321 -22.4263834389 6.94932971768 -22.4263834389 13.8726025357|
|39|0.0103607307174|51.8731173848 30.6416241598 -46.6444519992|36.3757767199 -5.15323047497 -5.32154401954 -5.15323047497 5.01758722793 -1.4456382567 -5.32154401954 -1.4456382567 7.00044925595|
|40|0.00699491940766|54.89821243 -9.58475862052 -15.6722780488|27.6864181995 -8.41324710054 13.6015327818 -8.41324710054 11.8270629444 -4.35416584638 13.6015327818 -4.35416584638 11.4206505759|
|41|0.00124965073309|62.1212586346 10.7042906967 -44.5780476991|3.53671877238 0.807838729858 -1.56533767039 0.807838729858 2.15613623617 -0.932391044266 -1.56533767039 -0.932391044266 2.45763341625|
|42|0.00629342495816|21.5931525487 23.4321451538 -59.883761008|6.13048182543 0.0378271141076 -5.40237538792 0.0378271141076 2.00535154259 3.29556333543 -5.40237538792 3.29556333543 31.7598553313|
|43|0.0014969492883|56.4839243142 16.6428570061 -49.2151707222|4.76226306829 -0.297334545841 -9.04269699583 -0.297334545841 4.50630584203 -2.50657742151 -9.04269699583 -2.50657742151 25.3791749662|
|44|0.00891265981403|25.9947667116 8.60382908053 -50.0480331234|4.60165096412 -0.43083474899 -1.19464800091 -0.43083474899 12.7156929686 2.41233893246 -1.19464800091 2.41233893246 7.30674158263|
|45|0.00401862900914|23.7461385151 12.0186130942 -18.0244740856|7.11709732528 -0.91637499095 3.17026027145 -0.91637499095 2.85632605188 2.31397687131 3.17026027145 2.31397687131 18.8325008294|
|46|0.00677604063948|59.3520751021 24.4195766816 -6.45296853443|11.4244454867 -9.58243424705 -1.19709376452 -9.58243424705 15.3058246949 4.17310341082 -1.19709376452 4.17310341082 8.56161528789|
|47|0.00428435564945|47.4852596903 7.75766289381 -31.9504101639|15.8516928219 -24.1038624402 -11.0884230547 -24.1038624402 50.9084571323 19.9946787095 -11.0884230547 19.9946787095 10.5533875309|
|48|0.000805359300715|62.4248404537 24.9348322152 -50.2662100251|4.99964915482 -1.4165088402 5.35974858062 -1.4165088402 3.55319999965 -4.22681341746 5.35974858062 -4.22681341746 10.1624051299|
|49|0.00106686126772|49.6228195091 -0.856283374181 -38.7411139175|58.1162096079 51.6800090763 4.77660339023 51.6800090763 47.8969249777 4.11310414422 4.77660339023 4.11310414422 1.39904300588|
|50|0.00261258372684|58.7488271016 8.79460921867 -12.3925785528|8.38600475924 -3.05110309459 18.8346009165 -3.05110309459 2.63655255106 -8.38645315009 18.8346009165 -8.38645315009 54.8531584817|
|51|0.00627374935463|25.7038142397 0.8002805466 -23.0312680661|25.5791515922 1.7657791395 -18.0648000316 1.7657791395 2.4475463898 -1.59874176105 -18.0648000316 -1.59874176105 20.4488784956|
|52|0.00484183186488|29.9775394952 18.8945803515 -7.91917160556|20.5974160699 5.31502477937 -3.18837718805 5.31502477937 4.09494681311 -0.374346433259 -3.18837718805 -0.374346433259 4.74137628471|
|53|0.00163768488722|60.6287555577 9.88943862035 -4.83857778528|26.2459182518 -6.53155807052 5.21292156177 -6.53155807052 5.32024647903 -0.0765084158751 5.21292156177 -0.0765084158751 3.21256569969|
|54|3.92056454089e-06|38.143570202 16.1873257195 -57.4422783462|48.5535271293 18.7204146796 3.34145762904 18.7204146796 25.0304595876 -7.92845485235 3.34145762904 -7.92845485235 25.6513590955|
|55|0.00420756012465|52.1149632887 -8.88628997738 -6.71754632017|6.49492505972 4.15378897962 -1.14352779304 4.15378897962 12.6850723099 15.5212682067 -1.14352779304 15.5212682067 41.9105195124|
|56|0.0040741771003|39.4277727926 1.74449554541 -62.6226155926|3.62349174395 1.25910585625 -0.0591525201107 1.25910585625 9.80829875645 -17.2857734292 -0.0591525201107 -17.2857734292 42.0511374257|
|57|0.00412176338795|64.5624836106 -0.428782632269 -48.9472532383|18.500587532 -11.3364346697 29.5001983126 -11.3364346697 9.85646980558 -20.0234271934 29.5001983126 -20.0234271934 54.972647553|
|58|0.00338395935642|46.8635588834 -15.6750604975 -49.8015217816|60.9656798584 -36.4240454377 9.06109925533 -36.4240454377 27.5064382034 -9.78275316102 9.06109925533 -9.78275316102 6.84926619969|
|59|0.00118014389376|56.4551716565 15.6997688325 -25.9211958983|7.95274566846 7.74922646149 -5.16916098378 7.74922646149 11.0853164966 -6.05742204878 -5.16916098378 -6.05742204878 5.43186448053|
|60|0.00816968458349|36.0493539311 9.84178628885 -49.3652441794|8.27922671004 1.55779286671 -13.1643920848 1.55779286671 5.36492771283 -1.49564263257 -13.1643920848 -1.49564263257 36.534077985|
|61|0.00798627743534|44.8752327613 21.6032979919 -53.1754655629|3.31673483129 3.67848746043 -3.86651729502 3.67848746043 29.0769452748 -27.9290532402 -3.86651729502 -27.9290532402 31.0812939796|
|62|3.44263459127e-05|43.880155329 8.5601486913 -65.5381224468|16.3250391214 -12.348704188 5.90391110531 -12.348704188 21.2760363196 -10.7580954303 5.90391110531 -10.7580954303 8.5818781639|
|63|0.000457378163615|39.9278862984 -4.29012778572 -47.3978730181|10.1915069996 -2.76250046155 4.56977934676 -2.76250046155 1.63530818834 -3.226292189 4.56977934676 -3.226292189 12.4907696117|
|64|0.00569194268532|40.0236332804 14.0411755078 -64.6234329383|11.6529280096 -0.127498394339 -7.94797698171 -0.127498394339 3.34693779742 -3.60625619572 -7.94797698171 -3.60625619572 17.3093274212|
|65|0.0058202636107|68.1404329712 8.62620842308 -28.0093396536|7.22519802871 0.692312387031 -8.30416480211 0.692312387031 4.41030388104 0.62781894394 -8.30416480211 0.62781894394 21.6165040637|
|66|0.0073229613725|29.535022941 -16.7251058521 -21.7525741127|9.78422977007 -3.45346446199 0.0311361733392 -3.45346446199 7.21654172431 3.78420016718 0.0311361733392 3.78420016718 5.73834020659|
|67|0.00494541446105|49.2167652136 -13.6060331357 -9.82899031548|21.240253434 2.72713237842 10.6840584949 2.72713237842 2.82906309334 3.62399536007 10.6840584949 3.62399536007 12.2502585851|
|68|0.00330813157997|35.1150846416 14.0262048615 -70.1858921909|16.7558756704 -14.7850699221 8.98419058452 -14.7850699221 18.1441055576 -7.48085852187 8.98419058452 -7.48085852187 7.99843041337|
|69|0.0015197774829|34.1154262088 -7.80661154634 -46.7717167049|45.4058616382 -8.83243335279 46.7743238169 -8.83243335279 4.29487084326 -10.2136320412 46.7743238169 -10.2136320412 50.8470277137|
|70|0.00182299603531|41.6702145726 18.1811828096 2.34311216839|8.55167182883 -5.60293322541 -2.16357824754 -5.60293322541 9.53013015067 3.01990123256 -2.16357824754 3.01990123256 1.46861518859|
|71|0.00561233254648|40.745783085 -13.7234210838 -15.5609228142|4.1900050407 3.27274957028 1.92622508303 3.27274957028 11.5569591512 6.87679192628 1.92622508303 6.87679192628 6.61551202752|
|72|0.00485825838741|55.3032436176 -11.0737978463 -38.6945902599|27.1877562092 -4.20426614026 -9.04230998946 -4.20426614026 3.76617034449 2.81859027971 -9.04230998946 2.81859027971 6.99884126594|
|73|0.0197692898792|28.7601898618 22.8028357885 -19.0115900595|37.8111957337 25.2333541894 6.87943942387 25.2333541894 21.7534302366 8.19858810602 6.87943942387 8.19858810602 13.9386712177|
|74|0.00686056074376|40.3724689749 22.0295042192 -3.60289835015|4.53261828359 -1.11774702343 -0.397545199634 -1.11774702343 14.1289020044 4.26451933304 -0.397545199634 4.26451933304 4.47470076391|
|75|0.0025122577196|46.3314083188 -21.4647472704 -43.0011730738|5.80136825358 -6.87839412984 -3.02028697505 -6.87839412984 12.5212637694 3.96100073684 -3.02028697505 3.96100073684 4.96144247114|
|76|0.00310595825647|44.9943271878 -2.67706836839 -64.3777351427|23.9317760171 10.3524072606 -4.99486462441 10.3524072606 5.91426621239 -1.72657517485 -4.99486462441 -1.72657517485 6.81784910659|
|77|0.00691296110417|23.1899100128 22.4356036062 -13.3102624545|10.0061075365 1.83481579796 6.58273543051 1.83481579796 4.74492079752 3.8666928933 6.58273543051 3.8666928933 11.0531175543|
|78|0.0116149935072|62.8958945922 16.6452266471 -21.1644153883|18.7556708441 -13.7354320485 -2.79987285699 -13.7354320485 17.1208711871 2.78724422275 -2.79987285699 2.78724422275 5.22850195437|
|79|0.00830753614179|63.8255376194 -4.95668433324 -41.2349523714|4.02008072698 0.689395277628 -1.64139553673 0.689395277628 22.2287590733 -7.9064053339 -1.64139553673 -7.9064053339 7.65488369957|
|80|0.00230934810377|67.4482635407 0.359763065334 -46.3804705738|12.573810731 10.1575209784 2.08896619742 10.1575209784 10.9250582352 -0.784849258757 2.08896619742 -0.784849258757 14.2963436228|
|81|0.000232168205848|59.9932515562 -13.253967215 -24.795703278|2.81405285646 0.99208380475 -3.51585561121 0.99208380475 1.93278808917 -1.38303964995 -3.51585561121 -1.38303964995 6.98634743244|
|82|0.015912892033|60.0704808245 16.9673018449 -63.7169378234|10.3879839962 9.12964609571 4.68962640753 9.12964609571 36.4703565177 12.8092919835 4.68962640753 12.8092919835 10.4891302725|
|83|0.00525327171721|42.5642383795 19.2735693237 -18.3600880656|25.3913620237 -3.76205443304 -28.4993844257 -3.76205443304 4.78750814748 6.1572270276 -28.4993844257 6.1572270276 38.7821403608|
|84|0.00459448159647|32.9164509603 -1.0344981619 -62.8870712218|24.2324441573 -11.6732256494 9.41463369677 -11.6732256494 9.01206544113 -6.36346614068 9.41463369677 -6.36346614068 7.63998480097|
|85|0.00918921884772|30.4458888636 1.18978003247 -51.444893466|12.677919292 -3.42773538273 -11.5390154925 -3.42773538273 9.73959866191 11.2990382567 -11.5390154925 11.2990382567 23.9173849439|
|86|0.00538735840684|16.3781348044 15.6177221119 -19.4087591642|9.3695621067 5.24682174818 -5.46684454007 5.24682174818 18.5792782661 -6.21938271368 -5.46684454007 -6.21938271368 6.94076489489|
|87|0.00380080044675|43.1616065885 8.55570786829 -39.9437119419|15.5672655192 -0.102004535383 -14.0688082015 -0.102004535383 3.33381924068 1.29417183281 -14.0688082015 1.29417183281 16.6919269769|
|88|0.00343110555087|46.481052134 13.8083847595 -63.8200859887|5.79449703838 -4.59885043425 9.29347799941 -4.59885043425 25.5560612142 4.09011341863 9.29347799941 4.09011341863 27.4061023652|
|89|0.0082239603764|65.5878160371 -4.31506236898 -13.2859745089|10.6507131667 4.84921595415 -7.67184440236 4.84921595415 12.3082371698 -11.0509069836 -7.67184440236 -11.0509069836 16.5996990444|
|90|0.00234972850185|38.2123839112 21.4348967676 -63.1682970656|2.81260343347 6.84856566553 -4.35537366917 6.84856566553 41.4441283165 -21.0624046786 -4.35537366917 -21.0624046786 12.8557955124|
|91|0.00474534152923|48.4451520906 -7.74932245753 -12.6976082962|14.6965299565 10.5016768524 16.8745942532 10.5016768524 19.8144700794 25.3335156941 16.8745942532 25.3335156941 37.8714143864|
|92|0.000899599179447|43.1059401577 18.2031413115 -59.5790010541|46.4626985784 14.8795083122 27.8874690263 14.8795083122 7.81209019857 7.77726278488 27.8874690263 7.77726278488 22.185004541|
|93|0.00575674847199|39.130775124 17.5064829413 -51.1879320391|13.3744750999 -2.39910071164 -10.2023181632 -2.39910071164 10.4442389661 -15.6315914432 -10.2023181632 -15.6315914432 44.4407526829|
|94|0.00355016642695|46.8788092674 5.53132977539 -24.7544769903|10.9521829855 -0.870199375641 -13.742640567 -0.870199375641 2.64755393787 -0.932098949221 -13.742640567 -0.932098949221 24.1099045584|
|95|0.00313668745605|31.681982666 13.0721057089 -9.50217209246|148.706707864 -43.419518925 49.8280525017 -43.419518925 15.3320971767 -13.2117902877 49.8280525017 -13.2117902877 22.9948699911|
|96|0.00549181627908|53.8376983075 -22.1754491054 -51.8544356234|17.2678248369 -6.83870236144 7.81590710069 -6.83870236144 8.18900660598 -8.69290931479 7.81590710069 -8.69290931479 12.5219042685|
|97|0.00600120267905|27.3132855333 -13.4722201653 -31.7310061155|9.78878941235 -1.97808131196 7.49668442108 -1.97808131196 8.62362313525 -1.29736110093 7.49668442108 -1.29736110093 16.6558098653|
|98|0.00149780380211|44.3756085413 22.6291730797 -67.8396772716|106.99271491 -13.6253516246 -1.32933284564 -13.6253516246 3.04305411668 -1.27336436983 -1.32933284564 -1.27336436983 4.13898853235|
|99|0.00041123732301|39.7853006429 6.57932142297 -68.1273451846|7.66767749477 -6.72624511605 9.69451112566 -6.72624511605 12.9074383565 -13.1264670284 9.69451112566 -13.1264670284 17.1410977528|
|100|0.00180706773397|25.1904239626 16.9278397989 -50.9644507483|12.5250905928 -12.0507826168 7.2430584062 -12.0507826168 14.2849243727 -7.86723057936 7.2430584062 -7.86723057936 6.65423281636|
|101|0.00340065614916|30.1990628682 6.87909659794 -40.8260038533|14.5736172817 -2.7614068175 -8.95115875539 -2.7614068175 2.72555736488 1.9904345438 -8.95115875539 1.9904345438 8.24762788093|
|102|9.28280474544e-05|36.8696650057 0.63063948426 -56.0790821829|49.3770119812 -22.1706408896 20.1668767015 -22.1706408896 12.642402724 -10.661576066 20.1668767015 -10.661576066 10.2893957469|
|103|0.00343189563709|42.5264713256 -9.04013455296 -20.3293488903|16.881671845 10.5324339045 23.048922761 10.5324339045 9.28533379436 14.86146107 23.048922761 14.86146107 39.2721133508|
|104|0.00444236632408|30.9783380915 16.4613153212 -25.8248542191|17.3122997216 21.0954359118 5.1243417335 21.0954359118 32.1442134675 8.61856544605 5.1243417335 8.61856544605 4.30500773969|
|105|2.29753775623e-06|34.6586826884 9.20623700707 -54.0729850047|34.6974577868 -9.21434067656 22.1539317948 -9.21434067656 41.1765536758 -3.42167784104 22.1539317948 -3.42167784104 23.3683626041|
|106|0.00604882347387|36.8350358691 22.5467384674 -67.1822197951|6.50370611111 7.2129956096 -2.49986856755 7.2129956096 16.9679890666 1.28765876713 -2.49986856755 1.28765876713 8.86913234735|
|107|0.00351766730265|62.2396048515 17.0410723782 -53.9186296506|7.03811077786 1.32705993136 -6.56900044995 1.32705993136 48.4082227125 33.2602999702 -6.56900044995 33.2602999702 33.616493287|
|108|0.000710000574022|48.1193280291 -7.54643001129 -26.2936568569|6.75743444154 -8.20342070462 -5.45887796564 -8.20342070462 13.4000276584 6.5447262726 -5.45887796564 6.5447262726 5.83156460082|
|109|0.00379724572893|62.1794013086 8.13990189682 -49.1602124308|4.86397478012 -1.02718256878 0.0285015875666 -1.02718256878 2.24627859407 -0.603132743158 0.0285015875666 -0.603132743158 35.3559024697|
|110|0.00555267983203|54.5470999807 5.7025363631 -64.5800962736|9.88289280223 4.80254644566 -8.45791220034 4.80254644566 12.6704014639 -7.94719529021 -8.45791220034 -7.94719529021 14.8433326715|
|111|0.00126930244589|61.3397020778 -0.498851955915 -0.225365775554|1.67818664484 -1.44652228877 -0.593818842298 -1.44652228877 16.6744235739 4.00573808474 -0.593818842298 4.00573808474 4.71305913122|
|112|0.00657599787212|53.0883964951 21.9548768388 -63.0138838143|13.7604678614 12.0068290152 4.24885775662 12.0068290152 29.8003479675 19.0720478513 4.24885775662 19.0720478513 17.7936013028|
|113|0.000307265291078|38.4846979884 3.09690127838 -48.1194303548|7.58225051795 -2.71927933675 12.9407710968 -2.71927933675 26.8299615695 -20.5098461272 12.9407710968 -20.5098461272 32.2706535447|
|114|0.0208469905634|46.4775737631 4.54055567701 -50.0554793795|18.4673346336 10.3671758469 -10.1878035429 10.3671758469 18.1374410703 2.85242291589 -10.1878035429 2.85242291589 18.6559503478|
|115|0.00487161982648|40.8141393255 -2.34719353141 -38.2075411325|10.4657008381 1.56233314954 -4.96510312559 1.56233314954 3.27556807029 1.82297062748 -4.96510312559 1.82297062748 9.75813889426|
|116|0.00133129022488|51.4941040757 15.8936669028 -2.36532098062|5.99555930347 7.01914550847 2.43971994667 7.01914550847 14.8282604045 7.07222547274 2.43971994667 7.07222547274 6.44477125494|
|117|0.00164858234794|41.9036905981 21.586481995 -45.4284998162|74.2131393781 10.5080914248 17.5562966022 10.5080914248 2.93137860051 3.03310180102 17.5562966022 3.03310180102 5.96054912055|
|118|0.00509096497653|38.6808402234 19.4033991919 -59.04834732|6.60501625129 -1.71738146443 -5.02681031 -1.71738146443 27.2733898554 -12.7441676659 -5.02681031 -12.7441676659 14.9929996565|
|119|0.000627266436371|59.8314514279 14.1721717236 -33.7151265273|3.30617931234 8.86884753587 8.24644018732 8.86884753587 36.9966472143 32.0377685339 8.24644018732 32.0377685339 29.5530768474|
|120|0.00742920151824|57.1200690437 4.41139853782 -47.4060166753|4.4267923683 -2.25018949313 -5.56376039 -2.25018949313 11.3308204943 8.7037471664 -5.56376039 8.7037471664 17.0470501455|
|121|0.00303986022945|38.2850530637 5.98272353129 -61.9154104629|37.6911287451 -19.6984460709 12.9601780854 -19.6984460709 12.7314264254 -10.5771233412 12.9601780854 -10.5771233412 13.56823783|
|122|0.00650437575028|42.8666739534 6.20481433953 -62.9924194482|13.8263078667 2.86923888859 -11.8360647619 2.86923888859 8.28333023373 -5.14185641437 -11.8360647619 -5.14185641437 14.7571925813|
|123|0.00208895438957|19.14051512 14.7502194371 -63.7628656323|3.73283283508 -8.18996272983 -3.12693716175 -8.18996272983 37.5068933048 9.23875711608 -3.12693716175 9.23875711608 5.37368568916|
|124|0.00919856598574|44.8712925198 -2.1223469341 -16.7827183689|27.7456752152 -8.92192894885 -8.20671714124 -8.92192894885 7.11326916013 2.2506158245 -8.20671714124 2.2506158245 6.03716748742|
|125|0.00888439721745|37.7384913382 0.475597508778 -25.8118467204|15.7809050904 -6.28607419713 -4.66791655119 -6.28607419713 7.3447635116 1.51756375023 -4.66791655119 1.51756375023 4.27334252924|
|126|0.000962190827309|33.4108350665 24.1184901943 -69.3397949623|2.43978376979 -0.162241006364 -1.68056369625 -0.162241006364 8.45925513681 -2.96507994738 -1.68056369625 -2.96507994738 4.26014530268|
|127|0.0107083241123|58.284558886 19.2323079343 -53.4057594246|5.50961313179 2.19178526299 1.81287504229 2.19178526299 55.7308710266 11.2690972478 1.81287504229 11.2690972478 6.36227057919|
|128|0.00290457200898|35.6192768482 -1.1140816628 -40.8214038591|8.35173405671 6.43160408628 -2.72418320726 6.43160408628 21.6703149008 -7.66847599585 -2.72418320726 -7.66847599585 3.90137220485|
|129|0.00623729071283|66.2527937856 6.97933430233 -33.6739314399|26.1351973296 -21.7034654739 -13.9630167376 -21.7034654739 22.5415674948 11.593088396 -13.9630167376 11.593088396 12.2272904755|
|130|0.00276585797708|36.9730090681 4.59068862725 -10.5220594578|34.3598786584 -19.6305872354 0.521109732333 -19.6305872354 13.3093219027 0.524327102788 0.521109732333 0.524327102788 4.22725131023|
|131|0.000919292800013|43.0196647972 6.70814526098 -49.2902503367|1.54848210641 -1.8589580327 9.06370517926 -1.8589580327 14.4253316094 -41.8818849206 9.06370517926 -41.8818849206 134.338148105|
|132|0.00841561393449|19.9151343006 17.3164501028 -52.3450765732|3.96633614915 -0.955432920843 1.37053018428 -0.955432920843 14.5351519721 -2.9216097083 1.37053018428 -2.9216097083 26.1425323599|
|133|0.0147095680828|49.9388609514 24.2553222095 -14.5653877739|27.9688023085 -12.7940404112 -12.4675112076 -12.7940404112 10.9473734051 6.96432971202 -12.4675112076 6.96432971202 9.96481189362|
|134|0.00153072450275|61.240076522 10.8465320171 -56.2520421385|3.75400745708 -1.04172497889 -9.16556427221 -1.04172497889 3.19354574375 -1.00780798291 -9.16556427221 -1.00780798291 33.5030938372|
|135|0.00688622840005|45.8264525108 28.9914009054 -53.4012130477|11.7863142098 0.903742778048 -4.33963392141 0.903742778048 10.9945422581 0.719383718859 -4.33963392141 0.719383718859 5.57595337653|
|136|0.00187417898503|45.3682220949 12.9023678798 -34.4387516641|30.9222360611 13.6982467662 70.3045231426 13.6982467662 9.09061751096 35.0413816039 70.3045231426 35.0413816039 169.521663355|
|137|0.00291046910559|32.9503962531 -2.89207483006 -67.4324574709|7.94906036967 4.10527344633 -1.21554469519 4.10527344633 3.83514769517 -0.410503444045 -1.21554469519 -0.410503444045 4.17404966352|
|138|0.00339805828062|20.768170866 7.32137483197 -18.6800324771|47.6851615065 -9.05823023504 12.8884058089 -9.05823023504 4.93246797215 -1.10203244742 12.8884058089 -1.10203244742 6.48451514695|
|139|0.000739934073138|30.9134706608 0.0908403736881 -54.195319179|14.1936034309 9.72331473511 4.34554366967 9.72331473511 10.5734513564 0.742232973714 4.34554366967 0.742232973714 3.63295441244|
|140|0.00288422477194|43.2025934937 -6.21680325245 -23.9166291715|2.17727300723 1.31480075423 -0.754981286623 1.31480075423 12.217119652 -3.3929594313 -0.754981286623 -3.3929594313 3.83813014704|
|141|0.00396159770967|29.855159562 4.6009065428 -65.9121305029|6.12876176262 2.31606601914 1.89016095159 2.31606601914 4.57257560137 6.35659204754 1.89016095159 6.35659204754 18.8051854425|
|142|0.00988152514829|51.830035802 0.996190837026 -11.5305703289|6.12120807079 8.20862572072 -2.96819426422 8.20862572072 36.1256626793 -7.15810916512 -2.96819426422 -7.15810916512 4.57385073238|
|143|0.0036437802427|44.3190421538 7.3533953797 -40.7777148385|73.003816148 -32.5598506433 38.6462742882 -32.5598506433 18.2444759799 -18.4178543472 38.6462742882 -18.4178543472 22.8516089885|
|144|0.0109795312099|60.5778643627 2.4290044293 -5.4695758501|16.3317887349 9.26216484224 -5.60746251074 9.26216484224 13.8224883697 -3.77057153642 -5.60746251074 -3.77057153642 4.75151618679|
|145|0.0101929539577|48.6867962055 -17.6111999618 -51.9070496569|38.5086712195 14.8459224791 -13.8602066883 14.8459224791 11.6006131415 -6.44770017397 -13.8602066883 -6.44770017397 8.75656207548|
|146|0.014945816258|56.3532727718 0.400412236838 -36.4495443422|14.2444967666 22.0302551937 5.24717485348 22.0302551937 47.0721373809 10.2856738532 5.24717485348 10.2856738532 6.12422375807|
|147|0.0111049911468|31.7635192822 7.22558494187 -66.0070881098|35.423788008 1.08457163983 -26.2213123962 1.08457163983 9.88787119216 -7.94209526379 -26.2213123962 -7.94209526379 28.3701857919|
|148|0.000406633405299|37.1628240209 11.4791079359 -55.4052457783|4.36302456026 1.15225637074 -4.09951319372 1.15225637074 5.21673684294 -0.203815253021 -4.09951319372 -0.203815253021 7.37716033239|
|149|0.00345125984029|52.2753062503 24.726435574 -48.509268142|30.3145116397 0.260997114028 -19.1680071795 0.260997114028 7.47285754871 -3.56496754067 -19.1680071795 -3.56496754067 15.9426484282|
|150|0.005554317484|35.2836806619 0.740661065071 -45.0057938022|4.87304677135 -5.32834904441 -0.0635268884596 -5.32834904441 14.5515150673 3.7537526075 -0.0635268884596 3.7537526075 5.83302048328|
|151|0.00623055553284|69.788422765 -0.874204587555 -25.5913262461|11.2210549497 3.92081863349 -19.9212632029 3.92081863349 9.58443049013 -3.07886300298 -19.9212632029 -3.07886300298 51.3784185554|
|152|0.000888957293845|34.6534826059 19.994684624 -60.6854165188|4.91531377149 -3.44237763074 14.1310160161 -3.44237763074 17.5384462292 -10.8170043176 14.1310160161 -10.8170043176 45.2546727338|
|153|0.00329168528673|47.4193146879 11.8277391592 -46.8165532036|6.06168660722 -2.78174980182 -9.68724932147 -2.78174980182 7.00733183771 10.8262576518 -9.68724932147 10.8262576518 27.1746859944|
|154|0.00635945367062|25.157630961 4.57226164132 -19.2192862416|4.48771266891 11.1934447317 0.637313242644 11.1934447317 110.060536719 21.5179929052 0.637313242644 21.5179929052 7.33637274635|
|155|0.00788529160211|51.6229283596 29.9792545469 -6.36781235543|8.18976492878 3.43233985665 -5.6041651089 3.43233985665 10.6566662343 -2.9874226381 -5.6041651089 -2.9874226381 10.3637717037|
|156|0.00267517837222|45.481602765 9.02238344256 -28.7351358571|9.70211901704 8.72923127005 2.32104832921 8.72923127005 26.5483907273 13.8894638506 2.32104832921 13.8894638506 9.35170672806|
|157|0.00347418382604|23.2456947112 29.131683931 -14.7539243288|8.25847979816 -0.0507950373613 -0.427425783444 -0.0507950373613 1.10237625189 -0.659073181373 -0.427425783444 -0.659073181373 4.65215001653|
|158|0.0175878436265|45.1733826741 10.055039042 -15.1422309793|12.0443907442 -13.8199198665 -19.5624061528 -13.8199198665 25.8238737998 30.8361283132 -19.5624061528 30.8361283132 45.2721075362|
|159|0.00267756298488|50.3878224417 9.63861960518 -32.3079364936|8.03356128009 3.97652554468 -3.92479737801 3.97652554468 5.13152565528 -4.08682699588 -3.92479737801 -4.08682699588 6.39535224521|
|160|0.0166010013671|36.5037637355 11.6534383498 -23.1249955777|27.0241065446 -3.32416448054 -18.2106854025 -3.32416448054 4.45059360026 2.78541467603 -18.2106854025 2.78541467603 18.17973875|
|161|0.00433020272997|42.5812261712 27.9378194561 -8.80853411034|4.33038661004 1.12321110917 1.10099096926 1.12321110917 2.92609168237 0.254730247067 1.10099096926 0.254730247067 8.54358361857|
|162|0.0134629140486|55.845720782 -6.34960786506 -47.5753544994|15.1916729876 -7.97852933094 -5.50009878107 -7.97852933094 23.0814028914 5.02843588656 -5.50009878107 5.02843588656 5.68814113066|
|163|0.00102188742471|31.0032149454 8.23871431006 -7.17523173964|53.170573266 33.1292192866 14.5266172681 33.1292192866 28.103950144 16.1815954987 14.5266172681 16.1815954987 12.1152418657|
|164|0.00387667593546|45.8537135267 0.552780924727 -57.6211905087|12.4383698981 1.32491761136 -2.88984205133 1.32491761136 1.92977534956 -0.437130835483 -2.88984205133 -0.437130835483 9.35568983118|
|165|0.00622379216816|49.62280525 -12.0590071148 -38.6819138772|32.1046495963 15.5908620425 26.8989414144 15.5908620425 16.3728350566 14.35563637 26.8989414144 14.35563637 25.8966114699|
|166|0.0041345037259|25.7117072408 15.3554977258 -68.4078776974|9.39921385496 -8.19331410432 -5.96646718574 -8.19331410432 13.7440741774 6.35560284009 -5.96646718574 6.35560284009 12.0418231401|
|167|0.000170958647647|47.9598508474 17.569070435 -51.3633730288|31.6478845655 10.8562942541 16.6532227228 10.8562942541 10.0535617798 -1.20869195959 16.6532227228 -1.20869195959 18.3285301529|
|168|0.00154872180364|49.1039247937 -5.36356976559 -53.0544142385|11.5597020507 6.44484740018 8.78154728795 6.44484740018 5.32466755858 5.51748863217 8.78154728795 5.51748863217 9.48839825576|
|169|0.00430907735611|37.408159402 21.7836437742 -15.5860214104|2.69028287625 -0.491445241249 -0.441622674958 -0.491445241249 6.21702000611 2.26357040972 -0.441622674958 2.26357040972 4.04275787306|
|170|0.0117295327796|52.1711510664 18.2025670324 -8.10411006211|5.00841759285 -8.04787050449 -2.95132488677 -8.04787050449 41.7833233165 12.8799420982 -2.95132488677 12.8799420982 8.63819918452|
|171|0.0116343882422|63.5866300193 29.4146762964 -57.4418653528|9.35909602575 -5.80406367443 0.0865720206473 -5.80406367443 19.4369831402 9.63200128441 0.0865720206473 9.63200128441 28.6042313148|
|172|0.0015911812783|44.8694765907 20.109827489 -65.5689365766|43.1439407848 6.634143919 0.239582319515 6.634143919 12.9607819219 -3.63411602044 0.239582319515 -3.63411602044 3.43271594076|
|173|0.00400773701324|30.6017462518 28.1348368321 -55.1093889782|23.6813908073 8.90319906682 -12.9709493958 8.90319906682 4.73744608119 -8.04097501572 -12.9709493958 -8.04097501572 39.2054639299|
|174|0.00708189434959|52.7614473559 0.622465135264 -8.47435796216|3.18775459392 -5.83874190765 1.92158646094 -5.83874190765 29.4865120059 -3.97807270574 1.92158646094 -3.97807270574 24.1340219947|
|175|0.00537939373892|58.6745002314 -2.76678212702 -53.3330296781|9.1808905631 -11.8898032846 2.60465438421 -11.8898032846 21.7494706975 -6.62939371698 2.60465438421 -6.62939371698 6.70625687219|
|176|0.0137567675771|34.0663085145 9.33675426384 -13.1911129034|11.7951136724 -15.6698188034 -7.44297066946 -15.6698188034 32.9375275445 12.8981277659 -7.44297066946 12.8981277659 8.49712960398|
|177|0.00237529292724|38.1614594076 11.4152348515 -11.1506422274|90.1267977 -4.12898345198 -2.6551808547 -4.12898345198 9.67431038322 -1.61976170166 -2.6551808547 -1.61976170166 1.25632556651|
|178|0.00408148356094|48.6733337904 29.7051937178 -15.8841038409|40.46999478 -10.815804987 7.54676583481 -10.815804987 8.39494007403 -2.67769588633 7.54676583481 -2.67769588633 6.85413950809|
|179|0.0049105224541|66.3647543861 3.62528820488 -47.3447292155|2.81822996626 0.0983924638061 -0.555523252854 0.0983924638061 18.5139674187 17.5279038961 -0.555523252854 17.5279038961 21.7390126673|
|180|0.00665004082465|68.6363054337 3.93500193109 -11.6752605074|5.40888948077 2.16395815698 -1.53157176417 2.16395815698 12.194523416 -1.57531624515 -1.53157176417 -1.57531624515 5.05127866367|
|181|0.0102603599159|49.5997876692 14.7323021615 -60.4794028628|4.42616140282 -0.574172114867 -0.314865484931 -0.574172114867 31.9398799179 13.3130091851 -0.314865484931 13.3130091851 10.0537860002|
|182|0.00947649464333|51.065030029 -11.5214863591 -46.6353466115|6.91911366033 -1.63950508393 -4.65055664401 -1.63950508393 22.1785291459 -21.0705468001 -4.65055664401 -21.0705468001 32.6070978103|
|183|0.00291613093358|60.8293163353 4.13030525074 -25.9057447864|6.081834071 3.01070220396 -4.35850135362 3.01070220396 4.58360987871 -7.34972194306 -4.35850135362 -7.34972194306 27.5840349668|
|184|0.00326597363354|29.3536535505 -9.44692787096 -28.9445462938|27.7094288427 7.97979352485 -5.04307613284 7.97979352485 5.68938957781 -2.30571641364 -5.04307613284 -2.30571641364 3.13277686639|
|185|2.95100422941e-05|38.6310706883 9.81295198774 -45.5807789743|20.5507474613 6.02805040194 3.17197175785 6.02805040194 7.32917801642 -3.73945583865 3.17197175785 -3.73945583865 7.70563707805|
|186|0.00504116953238|31.5571455345 -5.93315010355 -56.9067594337|9.85386509973 -7.19457841797 7.32518056254 -7.19457841797 12.4114639123 -18.7978813319 7.32518056254 -18.7978813319 39.1549651965|
|187|0.00769698378551|15.7842237961 22.9898646508 -21.916458971|11.9357309396 3.29417204075 -7.6984839004 3.29417204075 4.50580562865 0.26819361889 -7.6984839004 0.26819361889 12.8914724729|
|188|0.0125175045788|23.4455319967 0.534648698044 -49.1018600597|10.0324753375 -8.41026099813 -0.175314908336 -8.41026099813 17.3130697661 6.32958227192 -0.175314908336 6.32958227192 26.3158332985|
|189|0.00563559990904|52.6896704227 10.5407481739 -52.6758414462|28.6025727898 -22.1356968384 -19.3588915277 -22.1356968384 22.0164083712 15.4962722756 -19.3588915277 15.4962722756 15.99865687|
|190|0.00171712342043|62.5240258522 5.30545358851 -32.1399282668|1.09458068239 0.517480470019 6.48611947861 0.517480470019 2.21626466726 14.3696774329 6.48611947861 14.3696774329 248.344542475|
|191|5.49354812334e-05|42.4024760295 15.9918574895 -64.3724431935|28.0860812466 2.96169384136 -2.90794172302 2.96169384136 26.0180094992 8.40179629024 -2.90794172302 8.40179629024 6.9763548578|
|192|0.00365113498501|55.6821839243 10.2925503864 -27.1684922392|3.72344200609 1.78074072944 0.203285733397 1.78074072944 9.54677867115 1.18369628375 0.203285733397 1.18369628375 2.82483038862|
|193|0.00205060951661|35.3779861262 5.2764748765 -37.337920554|22.0520672804 19.7376807623 -27.2761259948 19.7376807623 25.8700009074 -39.381944647 -27.2761259948 -39.381944647 64.6446582964|
|194|0.00519241543809|60.7333734446 -7.49585222765 -14.2580593338|3.19081345931 -1.4774414266 -1.86160536607 -1.4774414266 10.6162505112 2.20310489688 -1.86160536607 2.20310489688 5.90243225272|
|195|0.00720418141664|65.4583100893 -1.5623740431 -33.3815959644|17.2110073521 10.6843369415 -8.87497607411 10.6843369415 10.9586051471 -6.91258326089 -8.87497607411 -6.91258326089 8.60346216442|
|196|0.00146522919395|65.8042576185 -0.0682413931578 -41.5274293658|7.55262330955 -20.6547017064 6.06165187519 -20.6547017064 72.6459595113 -14.4783413769 6.06165187519 -14.4783413769 7.93758756026|
|197|0.00899041627755|60.8033523142 9.77754846295 -14.624337477|5.6961800079 8.82829361479 6.32787144104 8.82829361479 29.4129020037 16.7821241583 6.32787144104 16.7821241583 14.9366944209|
|198|0.00609829692022|32.5630607482 -3.53951570633 -15.025231376|14.1357308553 -4.8381938517 9.97312011698 -4.8381938517 5.3313337028 -0.233382868422 9.97312011698 -0.233382868422 13.8488965397|
|199|0.000834506839986|66.0452828672 17.0459451064 -56.2320671912|5.53872462922 -0.509524907127 -5.31929095681 -0.509524907127 1.99908799805 0.383601215145 -5.31929095681 0.383601215145 6.77410430779|
