#|num|weight|mean|covariance matrix|
|0|0.00250398185698|43.8540104499 9.99091928934 -13.5344547788|8.5970901947 -3.09489406036 -5.95960300032 -3.09489406036 15.1597411444 11.0140022863 -5.95960300032 11.0140022863 20.6611910756|
|1|0.00183281633847|39.1223630095 9.98703194655 -24.8345329056|23.6710629313 -3.50757648248 -10.4228739828 -3.50757648248 6.34571232967 1.42772077918 -10.4228739828 1.42772077918 15.0062710476|
|2|0.00212175398084|29.9263084545 8.9382476716 -20.7894596242|13.6818491164 0.135710063036 -5.10526307568 0.135710063036 8.58075425348 1.86912363839 -5.10526307568 1.86912363839 11.497153615|
|3|0.00265489060033|36.4830157008 -1.26976618738 -25.5895686638|14.8790359947 -1.24536890884 -1.39728723755 -1.24536890884 6.73515282193 1.52714726209 -1.39728723755 1.52714726209 7.20570234376|
|4|0.00238399556037|39.6895779148 16.4695756595 -8.76717324566|7.32866450534 -0.565122124036 -0.296313420937 -0.565122124036 10.5500423745 6.93996638791 -0.296313420937 6.93996638791 14.2742669882|
|5|0.00574077861258|47.9266395594 4.607449577 -32.3237130543|7.00837048073 0.768988947697 -1.65829552763 0.768988947697 6.58862742546 -2.63478253339 -1.65829552763 -2.63478253339 6.32018912467|
|6|0.00260076425036|45.3464510423 7.35880713713 -18.0850155787|9.36663246288 -1.44314007009 -4.04379279919 -1.44314007009 10.1877471738 7.30523027669 -4.04379279919 7.30523027669 20.2352203669|
|7|0.00217203604656|26.0868230633 9.28669478185 -19.0230479931|9.26501425476 -2.33565627925 0.228735469784 -2.33565627925 10.9937617423 2.05988976854 0.228735469784 2.05988976854 7.94882864715|
|8|0.000900852524407|42.0914812852 7.82015416513 -18.2631423573|8.10713875351 -1.42376932345 1.35529692537 -1.42376932345 14.0535241238 9.96299395931 1.35529692537 9.96299395931 17.6639956719|
|9|0.00196299752823|27.1423597663 6.98696776356 -19.4379202828|8.78630489429 -0.220672408478 -0.274794559874 -0.220672408478 7.67086997388 2.53180174775 -0.274794559874 2.53180174775 10.5960987594|
|10|0.00144556880125|44.41092737 3.85584337128 -20.1742735376|4.84469724776 1.23195090238 3.22892622663 1.23195090238 12.6870462183 8.11839673889 3.22892622663 8.11839673889 16.7783095034|
|11|0.0013834304788|32.0443478272 10.9107344669 -21.3957846275|23.8110600054 -2.20847282228 -2.40445215469 -2.20847282228 8.69233614652 1.93311376913 -2.40445215469 1.93311376913 6.4056715936|
|12|0.00195044040664|43.7417730273 6.50341622111 -23.1381324407|10.5300602596 -2.21743480102 -3.82027359318 -2.21743480102 6.41221156428 -0.902344694204 -3.82027359318 -0.902344694204 18.6246806279|
|13|0.00180291021848|31.0108870486 4.84679570778 -22.6436688869|10.7785550649 -4.34723833445 -5.7857950969 -4.34723833445 15.1409146378 6.32491551572 -5.7857950969 6.32491551572 13.3185618153|
|14|0.00136352119185|42.7493042668 8.71313540727 -26.9774840705|15.3198573242 -4.86965158681 -3.97375090765 -4.86965158681 9.52035684648 1.25556113758 -3.97375090765 1.25556113758 12.7853767812|
|15|0.00269530148141|38.1208669515 11.3018673347 -25.5126127523|20.4195323677 -2.81095497054 -9.93906201641 -2.81095497054 7.60326959468 2.8380133354 -9.93906201641 2.8380133354 14.6615894058|
|16|0.00151150533595|43.2149161232 10.9308869 -16.3365623567|12.695693402 -6.1545078933 -7.4300292208 -6.1545078933 13.001140899 12.1069647246 -7.4300292208 12.1069647246 26.450668555|
|17|0.00159487741807|45.8787689109 3.17567086214 -23.0435500121|10.5351346951 7.36769631689 5.41613194167 7.36769631689 14.786901791 5.60310284623 5.41613194167 5.60310284623 9.68617660463|
|18|0.00340499899564|39.6755787634 0.954874292112 -30.6843600033|6.28828980943 1.02624742861 3.88487293496 1.02624742861 3.05984527121 -0.731540613176 3.88487293496 -0.731540613176 7.08357726495|
|19|0.00431643443628|25.2790829968 13.9562070467 -15.6974041734|3.71894192785 -0.327124269901 -2.1084847766 -0.327124269901 6.84394895317 -0.334568625414 -2.1084847766 -0.334568625414 6.25655192255|
|20|0.00119573059185|35.9927689809 8.75951858283 -21.7473262178|26.4503770528 1.09913379384 6.68701813448 1.09913379384 6.30398073904 2.74681324862 6.68701813448 2.74681324862 7.24775691311|
|21|0.0064046463456|37.1299863303 22.6894445131 -3.59259321012|5.12310041206 0.502918542111 2.20170516667 0.502918542111 4.75169639097 0.981337148498 2.20170516667 0.981337148498 9.64729526569|
|22|0.00108346051059|34.8190079224 8.1156347686 -23.8462108201|24.1465635438 -1.54929684842 -6.99907239649 -1.54929684842 13.9742942556 3.4159685387 -6.99907239649 3.4159685387 10.2229578951|
|23|0.0024415960326|43.1184592433 12.993175884 -13.4349374947|12.0471658519 -5.70234889676 -7.47474568384 -5.70234889676 12.8192996464 8.89608832916 -7.47474568384 8.89608832916 17.9039887984|
|24|0.00246465855198|44.3270941526 9.22736165706 -28.3855694403|10.2381452803 -4.61632827294 -1.68604408578 -4.61632827294 11.0093557182 2.0855412826 -1.68604408578 2.0855412826 9.64498116744|
|25|0.00137621532151|33.1402807192 7.22211700843 -24.7972904974|16.2816760098 -2.39847604699 -3.2974704614 -2.39847604699 16.9672247078 4.94052782838 -3.2974704614 4.94052782838 6.5792070363|
|26|0.0018446867624|40.7201790394 11.9135901211 -10.2778484176|7.16195158309 -4.10880757705 -3.9872128995 -4.10880757705 16.0248166202 12.3930978873 -3.9872128995 12.3930978873 17.5989006422|
|27|0.00328437287321|46.6468256456 6.66026121259 -30.5107997784|9.83811886237 -0.0912007273989 -0.38757029912 -0.0912007273989 8.3832960118 -1.53729031538 -0.38757029912 -1.53729031538 6.63572651146|
|28|0.00233461339677|36.1443016497 10.5227442411 -23.6985573379|22.0022191545 0.28344032125 -11.158731958 0.28344032125 6.23574175428 1.56174949545 -11.158731958 1.56174949545 15.7952521004|
|29|0.00231350257089|42.0827469781 14.212338023 -9.58127222793|8.54955852326 -3.66753667567 -5.00105157816 -3.66753667567 14.3853912032 10.2610764031 -5.00105157816 10.2610764031 17.7067248572|
|30|0.00155296835049|44.9179452393 4.16007297149 -22.4924093109|13.0023909879 6.65864234324 6.15744279087 6.65864234324 11.203987047 5.31422082522 6.15744279087 5.31422082522 10.8319262336|
|31|0.00272207125365|33.8514108251 0.494592348922 -24.8519976499|20.2593575268 -3.23742701567 -4.41741604578 -3.23742701567 4.53933039275 1.412209744 -4.41741604578 1.412209744 9.4733387213|
|32|0.00267662360675|44.6396437767 10.712518284 -15.4181087964|10.2480596108 -4.97058594405 -7.63142694683 -4.97058594405 14.0952934028 11.8080704556 -7.63142694683 11.8080704556 22.7740100103|
|33|0.00304810271438|38.9387577823 18.8026175363 -6.6825622496|5.9263087733 1.27815040805 0.792327818879 1.27815040805 8.71828717431 4.78672081866 0.792327818879 4.78672081866 12.7079411473|
|34|0.00258186911195|45.4466093694 5.15767305771 -24.0756985054|8.93217216296 -0.717822818505 -3.66519721781 -0.717822818505 4.11789132853 -1.79880365757 -3.66519721781 -1.79880365757 18.045272405|
|35|0.00800289977729|32.3759549633 -1.54986925428 -29.4802369184|5.00112868772 2.23822076415 -2.47783803097 2.23822076415 7.26523870463 -1.64000712262 -2.47783803097 -1.64000712262 5.75434661356|
|36|0.00281391481659|41.722305893 10.8379316721 -28.4061892703|14.5624001637 -3.85503620446 -4.75232530281 -3.85503620446 8.21205401631 3.64145015765 -4.75232530281 3.64145015765 10.7067279764|
|37|0.00207129142927|24.5797962018 5.46220811839 -18.2918848963|6.68059231522 -0.553907074943 -0.400347359464 -0.553907074943 3.80931152308 0.688321275086 -0.400347359464 0.688321275086 3.84647531321|
|38|0.00173566058206|34.7612428856 0.459743225249 -25.2268703601|18.6545842612 -4.36889091387 -1.18235563078 -4.36889091387 8.77631602622 0.723064979225 -1.18235563078 0.723064979225 5.44481923335|
|39|0.00238693178242|42.9001979236 11.5044539636 -13.222965936|10.2442788871 -5.1182230129 -6.85472078477 -5.1182230129 16.2176861024 11.705703082 -6.85472078477 11.705703082 21.3838742844|
|40|0.00138427022518|31.101430874 4.70839288393 -21.9157114635|13.4246677484 -6.26567613908 -5.52262611569 -6.26567613908 15.349294834 6.40520015309 -5.52262611569 6.40520015309 12.8267248973|
|41|0.00274083225236|36.8497310923 -2.35465054118 -26.0598422932|13.4745568978 1.79221284513 0.99944629581 1.79221284513 5.25136877705 2.13212136774 0.99944629581 2.13212136774 6.28870016049|
|42|0.00269897567251|33.8915413315 11.954263946 -20.4287390362|20.4720993713 -1.67554909766 -8.57182677141 -1.67554909766 8.7474373621 -0.705822902641 -8.57182677141 -0.705822902641 8.88381336735|
|43|0.00200030140177|37.4095162928 17.9996356807 -7.57070096757|6.18765938513 2.6482809902 3.33534283685 2.6482809902 7.42343839546 4.4320105143 3.33534283685 4.4320105143 12.5163573286|
|44|0.00134170852998|30.7312773306 8.10019069827 -21.5880849341|15.9835767526 -0.593268783067 -3.94177457464 -0.593268783067 8.92524728829 2.76635785655 -3.94177457464 2.76635785655 10.4685789516|
|45|0.00227860193293|24.3664536723 11.7674960438 -18.9311796651|6.82939030232 -0.753875040925 0.433961747796 -0.753875040925 8.92215051036 0.94221075216 0.433961747796 0.94221075216 6.49912183961|
|46|0.00143762835649|40.4214769859 14.0775391646 -12.3219095979|8.58999848577 -3.18124540009 -2.76065527368 -3.18124540009 14.2689960002 11.7634723399 -2.76065527368 11.7634723399 21.3680358224|
|47|0.000746377123955|35.7761723116 2.05557867058 -24.038025034|18.1302237372 -3.42281699131 -1.87251242053 -3.42281699131 12.9848213785 4.24091745718 -1.87251242053 4.24091745718 8.75733242581|
|48|0.00132829672645|43.8574675299 7.71393955269 -20.4654796838|11.6107958547 -1.16636209826 -0.937847523808 -1.16636209826 8.56845838933 4.53212372956 -0.937847523808 4.53212372956 16.5522845254|
|49|0.00108798979927|41.8578070862 8.55269588949 -19.4844557519|12.5084366437 -1.67837559888 1.41846256153 -1.67837559888 12.3790121549 6.92813882837 1.41846256153 6.92813882837 13.723550045|
|50|0.00165045467973|32.2493708385 8.24574439376 -23.4504644563|15.7501512971 -1.03273975915 -5.17090842023 -1.03273975915 13.9348032489 4.14710931028 -5.17090842023 4.14710931028 9.7483120885|
|51|0.00121337371291|37.6486871483 0.41105324166 -26.3896509301|18.650627919 -0.786232219214 -2.78644226598 -0.786232219214 6.81527507489 1.02061412703 -2.78644226598 1.02061412703 6.03511421987|
|52|0.00245819654054|44.170367931 9.40985936408 -15.2535953626|9.16555171465 -2.77154848521 -5.30968643639 -2.77154848521 13.6258965497 8.88032125005 -5.30968643639 8.88032125005 18.534629573|
|53|0.00360271021306|25.2478551312 11.0312798414 -16.4556809242|7.69956819254 -1.03854337077 1.17222827144 -1.03854337077 9.60339670624 1.12513328361 1.17222827144 1.12513328361 5.11871277806|
|54|0.00266961040105|32.8901948889 0.314317486404 -23.5692477343|18.5748730696 -5.55997995456 -1.83772246234 -5.55997995456 7.04479273882 1.53798947372 -1.83772246234 1.53798947372 7.95340535152|
|55|0.00150911742733|27.3796723397 7.61025119132 -19.1498052908|9.04961832827 1.3082827417 -0.719417728639 1.3082827417 6.9078775817 1.93471791422 -0.719417728639 1.93471791422 10.747489454|
|56|0.00164610921919|28.6949370222 6.1573480369 -20.6768568708|11.7122920593 -6.3019593702 -1.89083056424 -6.3019593702 16.6538059297 6.08919602861 -1.89083056424 6.08919602861 10.4535396381|
|57|0.00266049055428|39.9947911875 17.3984013378 -6.86329611229|7.03801781639 -0.764203644604 -0.0545297314584 -0.764203644604 11.2132077447 3.01044228785 -0.0545297314584 3.01044228785 8.62445289529|
|58|0.0024084579643|27.4214513333 9.04995499484 -18.4372663208|10.2957183199 -1.28638822098 -0.853341408442 -1.28638822098 9.31737790147 0.98204828158 -0.853341408442 0.98204828158 6.93203490053|
|59|0.00233575493143|40.5643908388 10.4367813021 -27.1605675146|17.5406853975 -3.4421160604 -6.91885650851 -3.4421160604 7.017299669 3.16589927753 -6.91885650851 3.16589927753 12.6095505033|
|60|0.00214265357277|41.0234346553 10.8654939621 -26.5881891153|15.1523731469 -4.15130081461 -5.04671784809 -4.15130081461 8.31285187027 3.61361346581 -5.04671784809 3.61361346581 12.7214390315|
|61|0.00331221399925|46.9419302876 8.3541303651 -30.654733622|12.0315437609 -0.367344103798 -0.606212705545 -0.367344103798 5.69711344798 -1.09271557228 -0.606212705545 -1.09271557228 5.7196468522|
|62|0.002366544162|43.1748027227 10.24621138 -13.2734565385|8.5982607682 -3.38041991573 -5.34443171606 -3.38041991573 15.715830849 11.198740295 -5.34443171606 11.198740295 19.9901481125|
|63|0.00216786398875|30.2575861406 11.6497032815 -20.0546505826|16.0661931211 -0.350597600321 -4.03322622457 -0.350597600321 9.27299000802 -0.376960056907 -4.03322622457 -0.376960056907 7.62876872567|
|64|0.00434573367368|22.7819655619 2.10880419068 -16.3675152974|6.22221021943 -0.303185163685 -2.79061458507 -0.303185163685 1.56602642737 0.44282821962 -2.79061458507 0.44282821962 5.09736481666|
|65|0.0016525883016|31.929492753 4.56063632158 -24.9844595752|12.6661582767 -4.8065552689 -3.5819389841 -4.8065552689 16.8140230717 4.19099783149 -3.5819389841 4.19099783149 6.45877060248|
|66|0.00259423526687|36.2984933673 11.2780457663 -24.0898573499|23.2959797929 -1.96370580596 -12.1716848719 -1.96370580596 7.56947302389 1.68266866782 -12.1716848719 1.68266866782 16.1504431996|
|67|0.00294770024427|46.7576626322 6.42924574164 -29.6549573708|8.39742255165 -0.603234359393 -0.167292446047 -0.603234359393 8.25786391719 -1.32899641678 -0.167292446047 -1.32899641678 6.94927838692|
|68|0.00252542859016|29.491831231 12.7881962656 -17.4883809559|10.4814828846 -4.07656312308 -4.33052688524 -4.07656312308 5.65837448838 -1.16658621444 -4.33052688524 -1.16658621444 9.79958766237|
|69|0.000972153910657|31.0763928813 9.12396289234 -21.1582226741|17.4143358765 0.205753778277 -2.3085869289 0.205753778277 5.32632699246 3.01687306086 -2.3085869289 3.01687306086 10.189595786|
|70|0.0034555625261|49.1903159352 5.44983894186 -30.3537523278|8.18543226261 2.62573496572 -1.88899469092 2.62573496572 6.54250397477 0.440084887352 -1.88899469092 0.440084887352 5.22316854578|
|71|0.00695831312145|37.7213753891 -1.36132312343 -31.443935062|4.86491953822 -0.943585197947 1.46649825183 -0.943585197947 3.73116109227 -1.39830225573 1.46649825183 -1.39830225573 5.56431246506|
|72|0.00213756894072|46.1266592063 6.32167127485 -19.7959446558|8.76497512436 0.616988353994 -0.507560560878 0.616988353994 8.46139567612 4.74869462401 -0.507560560878 4.74869462401 16.9883256142|
|73|0.00396608019588|43.6758450079 13.5586350974 -31.8082365872|6.22719529788 -3.83722096308 0.234907342537 -3.83722096308 8.41303840074 1.83264294879 0.234907342537 1.83264294879 3.44397440193|
|74|0.00308201639254|23.1950168681 12.1469245912 -20.9934572319|5.39946659869 2.35279645027 1.23406139956 2.35279645027 5.13630121259 -0.828158887707 1.23406139956 -0.828158887707 4.86201786405|
|75|0.00219681959547|44.8183494037 8.30081920332 -18.0858041686|9.75637991224 -1.85713124652 -4.23316482872 -1.85713124652 9.77571974448 8.50614025319 -4.23316482872 8.50614025319 21.6245128486|
|76|0.00124358770549|42.4579110612 8.5962348487 -15.1898181017|7.04307240689 -2.99780520491 -4.31746737726 -2.99780520491 13.9033434267 12.3267762958 -4.31746737726 12.3267762958 23.8728871024|
|77|0.00134253399431|42.3172064995 10.9037206179 -16.5630153353|12.0140329033 -5.52800211942 -5.67175085499 -5.52800211942 12.717632637 11.4673996562 -5.67175085499 11.4673996562 26.7154042435|
|78|0.00254125106868|30.4591796924 1.43392305431 -21.1347157119|13.2842718041 -5.28133069887 -3.62072410243 -5.28133069887 8.97690050009 5.91214514708 -3.62072410243 5.91214514708 11.2118256997|
|79|0.0018858482976|39.5942144416 10.7765258077 -25.3850891559|17.3895655148 -3.01521585546 -6.95768894399 -3.01521585546 7.13948473998 2.3351383787 -6.95768894399 2.3351383787 13.7160578291|
|80|0.00869888471936|50.7905506372 7.86090205754 -32.5377844745|4.35247047679 -1.81387517965 0.268485912949 -1.81387517965 8.2733142972 -1.21597408833 0.268485912949 -1.21597408833 6.06049673891|
|81|0.00852569454118|44.176585439 12.436501943 -5.6277534904|4.22967339796 0.447941135227 0.458346055109 0.447941135227 5.17591674412 0.00768729033253 0.458346055109 0.00768729033253 4.18004069009|
|82|0.005508102942|38.9289495362 20.8068776582 -1.42629319152|5.66856369056 0.0869159291533 0.0383029034917 0.0869159291533 4.24668176996 2.06714118745 0.0383029034917 2.06714118745 6.03358764667|
|83|0.00206279657154|35.3781374163 11.5389143571 -21.0532273001|21.0167968973 -0.292800336992 -10.160680434 -0.292800336992 7.75679073368 -0.924281295383 -10.160680434 -0.924281295383 10.0083674947|
|84|0.00268401079158|43.4150471502 9.69130442471 -28.7896370427|13.7489792881 -4.85624664956 -2.80454717099 -4.85624664956 9.57736891109 2.42627541539 -2.80454717099 2.42627541539 9.33395552884|
|85|0.0026514992298|45.0035166544 8.83683795825 -16.9207233231|9.53413880796 -2.67498519881 -5.65301724945 -2.67498519881 11.4363337469 9.8525959409 -5.65301724945 9.8525959409 22.3201981651|
|86|0.0019013050272|30.5360302825 8.92114524495 -23.5641149699|12.9310063717 -2.24356829234 -6.76205070421 -2.24356829234 12.5324827834 4.40525661027 -6.76205070421 4.40525661027 9.94363584885|
|87|0.00274392089415|42.2545780623 13.6370753392 -6.80851583799|6.03892835961 0.350159543293 -0.332374970664 0.350159543293 6.55064247192 0.494114872898 -0.332374970664 0.494114872898 5.50273215913|
|88|0.00147294767641|44.9874368325 5.98624518867 -21.2041566812|11.292334167 1.58153359379 0.858646559297 1.58153359379 9.60653444894 5.31646814273 0.858646559297 5.31646814273 11.4155533134|
|89|0.00145840259401|35.1497595258 9.9110135985 -22.8756568338|22.4059097706 0.867704387689 -8.29632929595 0.867704387689 6.7167464997 1.22135286295 -8.29632929595 1.22135286295 12.4738630838|
|90|0.002448610841|38.5190470567 -0.572338973016 -24.0069091323|13.3050451967 3.06501475899 2.55564545515 3.06501475899 6.04205390602 -1.02357102818 2.55564545515 -1.02357102818 3.37378834637|
|91|0.00152864856028|44.2631630712 7.14512155449 -19.2348205588|10.0312690962 -0.35726411582 -1.58454744712 -0.35726411582 11.1320809991 7.6901544908 -1.58454744712 7.6901544908 16.2385311939|
|92|0.00284599756453|23.9533971016 6.89140890278 -15.3946071111|7.71925147991 2.12209421569 1.13571165107 2.12209421569 5.13003766188 1.60952140647 1.13571165107 1.60952140647 5.07398383952|
|93|0.00174344288684|26.8568274755 10.3674674393 -18.757741804|10.9919151425 -1.60493586217 0.429043649357 -1.60493586217 7.94593345895 -0.983997760401 0.429043649357 -0.983997760401 5.3348578811|
|94|0.00132149124747|39.7711923916 17.5056241593 -10.5166866816|6.53616803616 -0.133072914807 2.50328338958 -0.133072914807 6.79279945165 8.94326438033 2.50328338958 8.94326438033 18.3889267121|
|95|0.000947531411972|40.5854868983 11.224215605 -16.7866592289|8.52700334635 -2.74491357438 0.712401508745 -2.74491357438 14.4685471038 11.6661002907 0.712401508745 11.6661002907 22.7624337955|
|96|0.00249330883081|32.2518973443 1.33229792682 -24.0124471582|19.9595950533 -5.85969841361 -2.10831807031 -5.85969841361 7.37600754741 1.11089415139 -2.10831807031 1.11089415139 7.59401178948|
|97|0.00204872525256|39.7133479797 12.0311622069 -26.2975388226|14.6750167364 -2.59575753534 -5.44016901001 -2.59575753534 7.35876490819 3.17081698342 -5.44016901001 3.17081698342 11.886819905|
|98|0.000816490044868|37.9808987678 6.47880096188 -21.5201055347|24.0764751996 -0.174691730084 3.02716133645 -0.174691730084 12.272122678 4.91772457792 3.02716133645 4.91772457792 8.46495761859|
|99|0.00185032712709|30.0358557446 5.51395718212 -21.6018614114|10.6097955374 -4.94693361364 -5.15321179282 -4.94693361364 16.0457651033 6.84471250097 -5.15321179282 6.84471250097 12.8587953909|
|100|0.00284764190967|40.1764957516 16.7507951987 -7.84648239474|7.32926057441 -0.537301340084 0.963063554822 -0.537301340084 11.9115674747 5.10904289802 0.963063554822 5.10904289802 8.85070265468|
|101|0.0016737120391|32.3321187194 8.96300425079 -22.8244949489|19.0449914283 1.69062442954 -1.15734951563 1.69062442954 6.56625968665 2.87244437189 -1.15734951563 2.87244437189 8.39656897088|
|102|0.0023910251097|37.1071267978 11.1284217848 -25.3189225647|22.0271801068 -2.18830468982 -11.5339379845 -2.18830468982 7.4886324981 2.68260169339 -11.5339379845 2.68260169339 15.4468294662|
|103|0.00676165120678|41.539496342 -3.75272179428 -27.8194136953|6.49593612939 2.01986744343 -0.0767495695138 2.01986744343 5.25299907633 -0.0365342912452 -0.0767495695138 -0.0365342912452 6.09079063255|
|104|0.00212320998662|31.6240361374 3.70413931911 -25.8839094061|24.9786962722 -6.04675596814 0.147259038414 -6.04675596814 12.7278346956 1.78823561743 0.147259038414 1.78823561743 1.93730984965|
|105|0.000884866447812|38.4170327885 13.1904450773 -14.9093540689|3.29232512464 -2.50234757078 -0.613694143633 -2.50234757078 14.198325233 11.9292837788 -0.613694143633 11.9292837788 24.6025193661|
|106|0.00177847673937|30.8429252609 2.82627456694 -22.8059136284|11.2907993367 -3.92973610465 -5.30361144298 -3.92973610465 11.0928994534 6.01151432883 -5.30361144298 6.01151432883 13.1621033315|
|107|0.00220865570269|42.1410672173 11.3233001338 -11.7694206912|8.56210594322 -4.36907562104 -5.05490532352 -4.36907562104 18.5002643965 13.8919321502 -5.05490532352 13.8919321502 20.7305782713|
|108|0.00196416766144|38.8915836627 0.0755695493421 -26.9691000896|15.5116446802 1.98900166243 -1.03323921552 1.98900166243 5.2985757666 -0.846374690285 -1.03323921552 -0.846374690285 6.93708614065|
|109|0.00211226353578|27.6659608878 7.8730617332 -19.2789972872|10.2563816493 -1.41921189822 -1.07232529348 -1.41921189822 9.53247849605 2.48147745852 -1.07232529348 2.48147745852 9.17627383338|
|110|0.00141902894937|27.0282106813 6.27253297323 -20.0747623471|7.36591495973 0.797459973921 1.04201382236 0.797459973921 5.97174636588 2.11403043971 1.04201382236 2.11403043971 11.3279685308|
|111|0.00313720140074|44.1605105688 4.04355998208 -15.2050859234|5.18831078153 -2.07463155825 -1.12151934019 -2.07463155825 3.59533201159 1.8257941789 -1.12151934019 1.8257941789 5.96548944328|
|112|0.00236056040269|41.1780143592 9.82536252664 -26.3279648461|17.5518317327 -4.85984633601 -5.8188994868 -4.85984633601 7.88009458815 2.39201997884 -5.8188994868 2.39201997884 13.6509274096|
|113|0.00620829210417|45.5973270017 9.23292490937 -33.6276440317|9.96255136769 2.77269943015 1.15714338626 2.77269943015 4.35373281842 0.916882534911 1.15714338626 0.916882534911 5.38947364313|
|114|0.00192888047452|44.7600208483 11.9889340808 -15.3270455439|10.133434672 -6.79560924724 -7.95894374917 -6.79560924724 15.4180703532 13.1591233444 -7.95894374917 13.1591233444 23.2089448981|
|115|0.00243405598584|44.3873472114 9.22809302018 -30.6826621861|14.7930347584 -3.40889668632 -1.87414706199 -3.40889668632 7.72579046079 0.430914192039 -1.87414706199 0.430914192039 6.0277183961|
|116|0.00274053960846|43.0592723425 12.7529431032 -11.9963249423|10.6756627399 -5.10869701459 -7.54286121662 -5.10869701459 13.958507514 10.4215117432 -7.54286121662 10.4215117432 20.7608225697|
|117|0.00299672275511|26.7603478177 9.05856887763 -13.8183465133|6.52387252579 0.488569541286 -0.178372473473 0.488569541286 4.04345626258 -2.4918288871 -0.178372473473 -2.4918288871 6.72180458351|
|118|0.00218880402076|41.6929667283 12.3111512249 -9.78492860442|6.49569409669 -0.92923781991 -2.95203647332 -0.92923781991 14.9901608912 11.690683302 -2.95203647332 11.690683302 16.860316092|
|119|0.002168463204|37.4515252512 21.0521229936 -6.45710511262|3.31621925327 1.00985831115 4.71646426645 1.00985831115 5.17301226247 4.44125319413 4.71646426645 4.44125319413 17.1572126771|
|120|0.00118295333301|42.5066317294 2.91829387893 -28.9294845088|12.6183101615 6.64581764851 -1.68433760853 6.64581764851 11.1860291495 -4.99493157184 -1.68433760853 -4.99493157184 8.44596096579|
|121|0.00131171945699|44.8045906525 6.14341209708 -26.7409266299|6.37891666297 0.659322614073 2.70995785562 0.659322614073 5.9612343317 -3.10992669807 2.70995785562 -3.10992669807 14.1528749307|
|122|0.00373970226482|31.8946675359 -3.13575597443 -25.9443056749|4.8841733406 1.25520391482 1.20605260267 1.25520391482 4.71096640771 0.295473781554 1.20605260267 0.295473781554 4.2559684597|
|123|0.00153502077915|43.6576989998 8.39840308748 -17.3275820153|8.6047665668 -1.77385945984 -3.03996173972 -1.77385945984 13.3419458161 10.1425895728 -3.03996173972 10.1425895728 21.380110597|
|124|0.00180080205014|33.8901120096 9.7069290259 -23.1044194692|21.5220185592 2.63510490403 -6.89598849058 2.63510490403 8.09887750359 1.43829100406 -6.89598849058 1.43829100406 11.230102212|
|125|0.00437641595978|45.5782341945 4.0803241777 -21.2598160216|10.5888398007 -0.734269898251 -4.84705652607 -0.734269898251 2.23109720632 -1.13219267534 -4.84705652607 -1.13219267534 14.7509845992|
|126|0.00295908723668|44.7513601341 9.46599952022 -15.3949148312|9.43290898187 -3.03488058408 -5.99495231337 -3.03488058408 13.3685594677 8.81227388132 -5.99495231337 8.81227388132 18.2257193785|
|127|0.00102982710466|35.4252428204 6.89862124164 -26.1214999937|23.1812846684 -2.24191553745 -5.07056432872 -2.24191553745 15.4263405013 2.19998253521 -5.07056432872 2.19998253521 4.8318999639|
|128|0.00198335456846|30.2984953769 6.52244602748 -23.1103731324|10.4088141951 -4.85065889062 -7.42520285654 -4.85065889062 16.6626496972 6.49067064613 -7.42520285654 6.49067064613 13.0648053444|
|129|0.00383043799157|44.4363931099 0.796014186231 -21.3193547926|3.94891563126 1.18655475374 4.61796362349 1.18655475374 7.87270477792 5.71121175724 4.61796362349 5.71121175724 12.9575318095|
|130|0.00204419357141|40.1383382935 -1.91407790641 -24.9821370909|10.8039195863 2.82160710899 -0.844360217011 2.82160710899 4.95766535278 0.757831485352 -0.844360217011 0.757831485352 6.67442802739|
|131|0.00322391524365|38.2595223942 12.1538411462 -28.0207871358|7.19810354422 3.73355336969 -0.290084539192 3.73355336969 8.29669412621 -0.767878969713 -0.290084539192 -0.767878969713 4.0465281924|
|132|0.00194827322809|29.8569789648 11.2069712166 -19.7338907141|17.0067670778 -0.0340793197874 -1.68490649235 -0.0340793197874 9.61821387544 -1.06437836972 -1.68490649235 -1.06437836972 5.19345881545|
|133|0.00245572442925|40.8890466406 11.0805642151 -28.950316083|14.8117302891 -2.96267858807 -5.76737594482 -2.96267858807 7.92249642137 3.50256564919 -5.76737594482 3.50256564919 9.57143731656|
|134|0.00156377317579|43.9412220254 8.47943470158 -18.4795024775|10.3651845111 -2.10432772892 -3.00930944733 -2.10432772892 11.4133861328 8.56765650753 -3.00930944733 8.56765650753 19.8947012679|
|135|0.00279993232876|45.3776316533 6.51903586691 -28.7561132508|8.9369333207 -2.62178616905 1.67490187481 -2.62178616905 7.00974542817 -0.883557631122 1.67490187481 -0.883557631122 9.58427844072|
|136|0.00268800934|41.8329527589 12.7350289288 -27.4829734137|5.33010350707 0.439236995395 -0.499275924996 0.439236995395 6.54277612878 3.13475186709 -0.499275924996 3.13475186709 9.86138097261|
|137|0.00270040422979|42.6716709952 16.6807377183 -10.869672371|8.64113178201 -3.05846078844 -4.85702870685 -3.05846078844 5.00443861736 3.70860773129 -4.85702870685 3.70860773129 13.5904432045|
|138|0.00275507051302|39.7784147606 10.7383990482 -26.1278983982|18.3999224635 -3.15294011199 -8.00411726735 -3.15294011199 6.89515531977 2.97218869354 -8.00411726735 2.97218869354 14.0787153807|
|139|0.00103261368653|40.7711564603 8.40889600039 -13.2532973944|4.01930764936 -2.40165713655 -3.94881071935 -2.40165713655 8.98724678553 7.56824864356 -3.94881071935 7.56824864356 19.8183756843|
|140|0.00223441048576|33.8103505978 10.0355619814 -23.4060891276|21.4550616996 2.31199882653 -8.07766691087 2.31199882653 8.55130826871 1.38966886238 -8.07766691087 1.38966886238 11.8767082872|
|141|0.0054761840964|31.3104093391 15.5136531305 -21.2451145389|8.18849834453 3.82035088318 1.87615140414 3.82035088318 4.94416635285 0.481338239418 1.87615140414 0.481338239418 3.06481812752|
|142|0.000652630439808|34.0082110024 6.36468249736 -21.7276169318|25.0484386984 -4.05205945743 -2.76503675994 -4.05205945743 13.0429201191 4.18191107284 -2.76503675994 4.18191107284 9.62241777103|
|143|0.00152754761371|30.024009224 5.93119997793 -23.4379870594|9.84326245236 -4.70282720415 -7.24728007011 -4.70282720415 17.4900897814 6.55669601227 -7.24728007011 6.55669601227 12.3376911225|
|144|0.00195389618587|31.5130351148 3.90856031777 -25.4766332805|22.171339561 -6.80727939664 0.116406580421 -6.80727939664 13.6746444068 2.01018873273 0.116406580421 2.01018873273 2.69954840154|
|145|0.000836593117684|43.7815934337 5.3414217606 -22.8094264631|12.0780435068 2.36916361023 1.98270653416 2.36916361023 11.3585305974 6.06055485834 1.98270653416 6.06055485834 13.4654717538|
|146|0.00154727504807|43.3358167524 9.84278427989 -17.6293848957|12.4146557328 -5.21343384581 -5.71356664378 -5.21343384581 11.0025792273 9.97087662339 -5.71356664378 9.97087662339 25.8151461339|
|147|0.004513673461|22.9108773027 12.819436254 -16.8783342071|5.11624750323 0.501660202971 0.498475098251 0.501660202971 9.90138230942 0.908114291034 0.498475098251 0.908114291034 5.2736908897|
|148|0.00286035635965|41.4031547507 15.9526837421 -6.13760059192|6.68540377531 -1.0544190652 -1.31067689505 -1.0544190652 11.2967774361 1.8750311652 -1.31067689505 1.8750311652 5.61899694421|
|149|0.00119928365343|39.5453261698 11.9391301417 -14.0992361093|5.84160779076 -5.20047305343 -3.84699213682 -5.20047305343 16.7204537835 13.0350695443 -3.84699213682 13.0350695443 23.8193651448|
|150|0.0018695014061|32.1828652428 12.5786465833 -20.6100016693|18.4691062588 -3.0185170161 -7.64901371725 -3.0185170161 7.99557298468 0.0458288747957 -7.64901371725 0.0458288747957 10.6753618621|
|151|0.00216355149875|45.0353868714 7.3322452485 -17.3764563197|9.30108729262 -1.32590721912 -4.00880408434 -1.32590721912 10.6056998105 7.04036084803 -4.00880408434 7.04036084803 19.0502876408|
|152|0.0026957409655|38.2439114016 18.158626922 -7.65655457977|6.46974878441 1.98626473358 2.13484678417 1.98626473358 8.28879294757 4.83110303719 2.13484678417 4.83110303719 12.3352281145|
|153|0.00200027031721|42.9177284935 11.797384505 -14.4538084288|11.7639392132 -6.10414121193 -7.87672468519 -6.10414121193 15.4374734266 13.0995009827 -7.87672468519 13.0995009827 24.2940931645|
|154|0.00195183933602|39.4528567865 17.7138787634 -6.15406354116|6.37454776339 -0.26818765992 -0.590712622854 -0.26818765992 10.4059870367 2.95557272857 -0.590712622854 2.95557272857 9.94969400473|
|155|0.00270330056009|46.8676283783 7.55914684619 -18.670368286|9.01903816096 -4.5800941811 -3.66675690194 -4.5800941811 6.7445145731 8.35918121749 -3.66675690194 8.35918121749 21.3550796062|
|156|0.00118417244125|39.494816072 9.55237738255 -25.3442359974|21.6960650183 -4.14604272595 -9.03116198089 -4.14604272595 9.37820211066 1.74905827462 -9.03116198089 1.74905827462 14.1473874627|
|157|0.00144787510773|32.2974373476 6.3059535823 -24.003743152|15.7173927261 -5.10235918363 -4.59811478602 -5.10235918363 18.0083575618 5.88853714732 -4.59811478602 5.88853714732 8.70498078285|
|158|0.00223849114774|45.2736496882 5.91439362734 -28.974526633|8.58943957647 -2.76314085829 2.20778634576 -2.76314085829 5.72944023174 -1.22695089149 2.20778634576 -1.22695089149 10.0710832347|
|159|0.00204344161766|40.5805960441 14.3291806876 -10.3782983982|8.62419487745 -3.24733471691 -2.90221692238 -3.24733471691 13.5553831941 9.12758408452 -2.90221692238 9.12758408452 17.3733511713|
|160|0.0024485127317|42.5782329009 9.05905471766 -27.0989223826|14.8252342108 -5.51093460532 -2.71040424736 -5.51093460532 9.01482667344 2.21833699022 -2.71040424736 2.21833699022 11.9632922767|
|161|0.000974803238218|32.4977355618 1.85145150865 -22.4204767948|18.2935977823 -6.70217914144 -6.4200198767 -6.70217914144 9.46372066485 4.93433181956 -6.4200198767 4.93433181956 11.8073441015|
|162|0.00171423744069|31.9752060525 1.60928344524 -23.1908839178|20.1147085929 -7.54083781154 -4.32362656574 -7.54083781154 9.43054034421 3.14363839719 -4.32362656574 3.14363839719 9.86517904213|
|163|0.00501278351027|45.2783773218 15.098394375 -14.8907875019|7.93774943424 -1.54651245561 -3.03945427067 -1.54651245561 5.73635492582 1.86688539056 -3.03945427067 1.86688539056 4.82589116356|
|164|0.00225377818487|39.0366458971 -1.09396178559 -28.3738563908|15.7107972618 4.60907763708 -0.0971964428099 4.60907763708 7.25913115678 -0.987822955302 -0.0971964428099 -0.987822955302 4.83791885215|
|165|0.00210530841762|40.7951405748 14.2026585872 -7.12867096059|7.96975492778 -1.31455452934 0.0283871116702 -1.31455452934 7.59473987268 1.07670614002 0.0283871116702 1.07670614002 7.6537816142|
|166|0.00335618546681|44.8874739241 11.2255340354 -14.4741530943|9.93085696218 -3.40863856308 -6.1289488522 -3.40863856308 11.7997443889 6.14503809824 -6.1289488522 6.14503809824 12.851038307|
|167|0.00249258578808|43.8746941986 11.8381932707 -14.5853968278|11.5887866854 -6.10052749448 -8.16857458449 -6.10052749448 14.5738404745 11.5084641382 -8.16857458449 11.5084641382 21.3647478877|
|168|0.00167612979645|31.8199063528 2.6329878859 -23.7808866974|18.8509156102 -7.89070113245 -4.85269214266 -7.89070113245 13.0627381162 4.17738183304 -4.85269214266 4.17738183304 9.59069705932|
|169|0.00234748447956|43.7136321964 9.77140127883 -14.4417815392|8.87998109314 -2.88774515344 -5.18471308085 -2.88774515344 14.0968408556 8.9834898663 -5.18471308085 8.9834898663 18.1276184994|
|170|0.00156749317835|31.2819865228 8.75754183571 -22.4592716428|17.698938581 0.791838775843 0.594187399105 0.791838775843 4.88946988815 3.14952920746 0.594187399105 3.14952920746 8.69970616785|
|171|0.000556182279323|32.7037732839 6.97496377089 -19.4454130425|23.0393245059 -0.587513734533 -2.26291518827 -0.587513734533 5.43904362234 -1.02601914967 -2.26291518827 -1.02601914967 4.38925273621|
|172|0.00192945696854|32.5421411965 10.4061230462 -21.5821764934|20.8628673548 0.837290173504 -6.4663879878 0.837290173504 7.94371877454 1.05103692934 -6.4663879878 1.05103692934 10.4875251203|
|173|0.00166960943935|43.4430423476 8.29327775217 -15.5640729082|7.73069953912 -1.76821319635 -3.9766327164 -1.76821319635 11.9563952659 9.08470530403 -3.9766327164 9.08470530403 20.4730353663|
|174|0.0048445054507|48.5655280096 5.3327150198 -31.1268301627|7.06601008847 1.55124953879 -1.14631732495 1.55124953879 7.83604244308 -1.81092192984 -1.14631732495 -1.81092192984 7.0977607846|
|175|0.00369874709508|40.8577443916 20.0890435171 -5.30104882054|5.1906773303 -1.18857152248 -1.22403330626 -1.18857152248 5.05349761447 3.70713996921 -1.22403330626 3.70713996921 10.976203615|
|176|0.0025663468489|43.85265904 10.2627956353 -30.5397308287|15.1557415425 -4.64615060706 -2.59604030007 -4.64615060706 8.67809288909 1.40813752666 -2.59604030007 1.40813752666 6.5965015255|
|177|0.00317103428499|38.0932464588 -2.16722089845 -25.1770768549|11.344725958 -3.59956404739 -1.82182188471 -3.59956404739 8.14985020098 1.11942667398 -1.82182188471 1.11942667398 7.56988745072|
|178|0.00268315693709|37.928118701 -1.55413724084 -27.8950725423|14.2411791676 1.90476469442 -0.714603815886 1.90476469442 6.66124529307 -0.159610558629 -0.714603815886 -0.159610558629 5.73477399218|
|179|0.00503905694131|26.0798594586 3.5062446275 -23.1823187678|5.47268418607 0.736233624872 2.47172094529 0.736233624872 1.29905003098 0.964675393096 2.47172094529 0.964675393096 7.77522790445|
|180|0.000882600357622|39.1412225495 13.2971300838 -16.0463194684|5.53537640326 -0.194277888179 2.22657357157 -0.194277888179 11.976152372 12.4685136119 2.22657357157 12.4685136119 24.5035262115|
|181|0.00090612524222|38.2614108254 5.62563093907 -26.8825016622|23.8167919196 -2.30751534189 -6.12722374352 -2.30751534189 15.7874594399 -1.05919619045 -6.12722374352 -1.05919619045 4.88097118515|
|182|0.00150380986603|27.2074881236 8.79992128672 -21.0490181555|10.6829947566 -2.6392602785 -0.190126372402 -2.6392602785 10.7663668956 4.91580097284 -0.190126372402 4.91580097284 9.71934708673|
|183|0.00172355183072|38.2889898295 18.0320407995 -8.88052587444|7.07034817227 1.64153021507 2.12447720537 1.64153021507 8.93023465631 5.67801376243 2.12447720537 5.67801376243 11.5858661049|
|184|0.00108922070402|41.2065044822 6.85287530356 -20.6226114571|14.1427512844 -0.208258533549 2.20894018363 -0.208258533549 12.3379214325 6.86979707972 2.20894018363 6.86979707972 10.1406022191|
|185|0.00283606537456|48.6579407548 6.73212977706 -20.3828640244|8.04583714536 3.03011071844 4.98077032633 3.03011071844 7.34120725023 3.26805308163 4.98077032633 3.26805308163 10.3611570325|
|186|0.00175808391065|36.482797507 10.2898771428 -24.7215405275|21.9218027594 0.00627184971267 -9.87793407565 0.00627184971267 7.64955172228 1.97205787097 -9.87793407565 1.97205787097 13.7009068671|
|187|0.00149565800814|41.7689058115 10.3980074428 -13.1053851622|8.33574010644 -5.25576526601 -5.355986886 -5.25576526601 17.7562650588 13.7561125652 -5.355986886 13.7561125652 22.4789802016|
|188|0.0017570317649|29.9897218284 6.6463324106 -21.0131772274|11.6641897587 -4.96860001225 -5.09528113444 -4.96860001225 14.4665958342 5.11909632695 -5.09528113444 5.11909632695 12.1720024075|
|189|0.00234882185941|44.2479690105 8.36778772226 -28.8590937311|12.0136517589 -4.02940360839 -1.24349459928 -4.02940360839 9.31461520341 0.925935913118 -1.24349459928 0.925935913118 8.76769855828|
|190|0.0024726037268|27.629384203 12.1230910418 -18.8013718061|8.99784896882 -2.63322978667 0.67858332936 -2.63322978667 6.25075220178 -1.12287386732 0.67858332936 -1.12287386732 6.39896656078|
|191|0.00105362415689|35.4317190027 8.94660374229 -23.1325783627|24.7628403889 -0.829150794438 -7.99720264124 -0.829150794438 10.5432368181 1.6656967088 -7.99720264124 1.6656967088 11.729362073|
|192|0.00173002417908|45.0635985335 5.7155983912 -20.831563129|11.0206426531 1.13076709507 -0.34723061488 1.13076709507 11.5220440751 6.45938530921 -0.34723061488 6.45938530921 10.6200746334|
|193|0.00196029098956|35.5811752394 12.0942117787 -23.8669812733|23.060843432 -2.99316680728 -12.1332709732 -2.99316680728 8.1387195394 1.77874701746 -12.1332709732 1.77874701746 15.5122102327|
|194|0.00714706382116|49.5326508129 1.46177034962 -29.4653779747|3.09121137797 -1.28113213817 1.16565449566 -1.28113213817 2.70837339226 -1.73814002916 1.16565449566 -1.73814002916 7.9832754086|
|195|0.00342101667673|24.5512506056 10.1887346114 -17.2682373964|7.44167336735 -0.625893885118 1.26764038541 -0.625893885118 10.4355912131 1.70569608743 1.26764038541 1.70569608743 5.01244712913|
|196|0.00707611298301|35.9780051603 14.4777988363 -28.8618726073|6.03609638225 1.66409027273 -3.41870112511 1.66409027273 3.01505199458 -0.524646133724 -3.41870112511 -0.524646133724 5.89261411758|
|197|0.00110738844357|34.4850425873 4.67487476085 -25.2141828701|21.0496541596 -5.22408152941 -2.08042151453 -5.22408152941 17.1952802621 4.02315144142 -2.08042151453 4.02315144142 5.0336354476|
|198|0.00196994645125|37.2323114504 -0.769094338622 -26.1111127238|14.9394519596 0.699060377303 -1.07955117826 0.699060377303 6.34881801503 0.995773276051 -1.07955117826 0.995773276051 6.70409764639|
|199|0.00351687815318|40.9015348457 18.4271565496 -5.39535965965|6.82145745261 -1.39178297836 -0.682044044583 -1.39178297836 8.10939764034 -0.34094639032 -0.682044044583 -0.34094639032 5.04491834615|
|200|0.00218682088282|28.6904343025 9.49895004015 -19.7518720376|11.2042966026 -1.49928781398 -3.42064285688 -1.49928781398 9.44133776759 1.62278064999 -3.42064285688 1.62278064999 9.58533543253|
|201|0.00119745683912|30.1486890056 5.02424391943 -20.5936406798|12.4567675084 -5.64254532336 -3.86201117614 -5.64254532336 14.1241784682 6.05961616906 -3.86201117614 6.05961616906 11.4127232551|
|202|0.00207027149206|42.8126518606 9.41017000009 -26.9112054102|13.9370525156 -5.20285213232 -2.48000842427 -5.20285213232 9.65297953605 2.45746355552 -2.48000842427 2.45746355552 12.0647698965|
|203|0.00232732123431|41.264137276 16.9914070279 -7.7285410586|6.93876682772 -2.28059397958 -2.23049399252 -2.28059397958 11.3461638467 7.31832975365 -2.23049399252 7.31832975365 13.4032354455|
|204|0.00229510064822|41.0754898194 9.04999200011 -26.0632081601|14.5400354133 -7.1900982421 -3.28914892114 -7.1900982421 8.52163677563 2.36705990995 -3.28914892114 2.36705990995 13.9899893612|
|205|0.0027739068801|39.2434282394 10.9877554692 -26.4759413045|17.7168150384 -2.59742758435 -8.14393868855 -2.59742758435 7.16255943505 3.25543669173 -8.14393868855 3.25543669173 13.6535586077|
|206|0.00608431299915|35.0558531217 20.3265481859 -3.33290994449|2.85169161526 -0.387795833445 -0.279278481034 -0.387795833445 4.61994610189 -0.273542538085 -0.279278481034 -0.273542538085 5.62557808789|
|207|0.000949861692363|36.5061381875 8.19823497938 -21.0540038356|27.57802617 -0.660430408171 5.99531895798 -0.660430408171 7.11190454537 2.20810499959 5.99531895798 2.20810499959 7.18828787102|
|208|0.00232021965317|44.2589676589 9.51348586457 -16.2423256893|9.84811431513 -3.39260355836 -6.12150198791 -3.39260355836 13.3801121836 11.1193359209 -6.12150198791 11.1193359209 23.0820292146|
|209|0.00248687960557|38.2098280717 10.5425688665 -24.6650507119|23.6928212168 -2.5488599441 -11.7135134766 -2.5488599441 5.54415167832 1.98268064976 -11.7135134766 1.98268064976 16.0691992721|
|210|0.00304180443711|24.8477234716 5.8711860736 -22.469038746|4.74737865586 -0.587121798977 0.423617041239 -0.587121798977 4.76668527313 1.35320952876 0.423617041239 1.35320952876 9.89298269151|
|211|0.00952060598655|19.9406505782 3.68015752163 -17.7704420402|3.87841621953 0.680600167235 -0.563501817119 0.680600167235 4.98505127135 -0.87278924337 -0.563501817119 -0.87278924337 3.6142626697|
|212|0.00500307622545|40.496937002 5.55701856824 -12.7116395708|6.27487600611 0.877846461444 -0.827423873557 0.877846461444 4.04913638267 -0.338068583987 -0.827423873557 -0.338068583987 2.76647771639|
|213|0.00232874841561|41.0909285342 10.1667467662 -9.51898830834|5.16202077654 2.84322848488 1.70237194755 2.84322848488 9.17750400746 3.06168203157 1.70237194755 3.06168203157 9.79799337455|
|214|0.00168493848139|43.3538879344 8.42490663397 -22.488387107|12.9382857087 -4.42802799015 -2.06262443189 -4.42802799015 7.75148735511 3.84969629406 -2.06262443189 3.84969629406 21.04451593|
|215|0.00514435420378|25.26408543 8.44755949514 -13.0633240038|7.25229129385 -0.297764484205 1.05065133898 -0.297764484205 3.46636304052 -0.147233599443 1.05065133898 -0.147233599443 4.36894797097|
|216|0.00197027417888|39.0223440254 16.4736909534 -9.13331540267|7.82482639535 -0.178615111301 1.69811220528 -0.178615111301 10.1552195336 4.85865163821 1.69811220528 4.85865163821 9.53090701058|
|217|0.00474309135663|39.5056961085 22.54475726 -6.57904266075|4.73980938351 -1.06784570113 0.818736710324 -1.06784570113 4.8019651236 0.111761064489 0.818736710324 0.111761064489 10.3313373614|
|218|0.00182684791644|41.8949187049 8.2884053736 -13.1724602675|5.87119797201 -2.21948366433 -3.69135109158 -2.21948366433 9.34768338249 4.79759772482 -3.69135109158 4.79759772482 12.9050440606|
|219|0.00584344939129|23.1709406669 15.9969894964 -15.342102983|4.54285974946 0.325814219657 0.535527689842 0.325814219657 5.71076986013 -0.0789207904718 0.535527689842 -0.0789207904718 4.0769876044|
|220|0.00289135423876|26.9310071612 11.6191899486 -17.9880717904|8.11109833398 -3.49191771498 -0.244429040595 -3.49191771498 7.94341245492 0.51577236352 -0.244429040595 0.51577236352 7.57539149192|
|221|0.00268979428052|45.894192626 6.09493528594 -25.870165158|8.91690224054 -2.37098837353 2.05598882965 -2.37098837353 5.39291950922 0.453717952854 2.05598882965 0.453717952854 12.6189429824|
|222|0.00282683298382|45.9332218249 5.28246786653 -21.3951025636|9.44662506106 -1.48140276193 -5.97878815373 -1.48140276193 6.26514560502 1.3231836969 -5.97878815373 1.3231836969 18.1046358696|
|223|0.00196232308922|37.3918202307 12.0805404588 -25.8540285178|17.7996817221 -2.3529749131 -8.49094924257 -2.3529749131 7.93994795086 2.626217746 -8.49094924257 2.626217746 12.6762227484|
|224|0.00252845324915|37.1688969014 10.5541042963 -24.4837090044|22.4917955075 -1.11072380547 -11.8358583577 -1.11072380547 5.81435821784 2.12571651731 -11.8358583577 2.12571651731 16.5308442034|
|225|0.000836462675219|41.5301000266 6.88598655935 -21.7378730127|16.2707159758 -0.831085089514 1.16019246766 -0.831085089514 12.2992399861 5.73650814682 1.16019246766 5.73650814682 11.9189247795|
|226|0.00232395563989|40.9345088039 13.4961320665 -9.05949994342|6.73443063525 -1.66773823622 -1.91729054331 -1.66773823622 16.595744076 11.3579632415 -1.91729054331 11.3579632415 14.5572625031|
|227|0.00334081743662|39.4551678182 -3.0140665716 -24.0912192888|5.91270169323 0.249614727498 -1.03757984323 0.249614727498 5.73825333044 0.169085232729 -1.03757984323 0.169085232729 6.08266927734|
|228|0.00126660899559|32.0438095132 7.65344970197 -22.7327680509|18.6717113373 -2.78476933966 -3.93435755384 -2.78476933966 13.6135927851 4.61533129624 -3.93435755384 4.61533129624 9.55951582202|
|229|0.00194816947673|31.1849878161 5.47778121812 -24.4699595086|8.64707135806 -2.91171529033 -5.95087670681 -2.91171529033 16.0962270877 5.17906230142 -5.95087670681 5.17906230142 11.1703786833|
|230|0.00133778932378|45.595139951 4.93762802545 -24.402622568|6.27619138766 2.56555175697 2.22299721509 2.56555175697 8.20059817838 -0.0413570687384 2.22299721509 -0.0413570687384 11.6645578491|
|231|0.00204940348139|43.0001208234 10.91762256 -14.2286987072|10.0315279076 -4.92359926149 -6.64777839738 -4.92359926149 16.5461956128 12.8808488801 -6.64777839738 12.8808488801 23.5708366247|
|232|0.00217157249432|29.8306568383 2.51263578772 -20.465822556|10.7612283892 -5.11445006364 -3.11299350521 -5.11445006364 12.0325844341 7.66432792667 -3.11299350521 7.66432792667 11.6144589206|
|233|0.00326667304063|46.8524536598 4.86143279221 -27.3131486928|7.90635893899 -2.64563049252 2.59957177085 -2.64563049252 4.49590263867 0.620641874926 2.59957177085 0.620641874926 9.9605917979|
|234|0.00228576030618|45.0902820983 10.5919446265 -30.6462856295|12.6880514234 -5.256995335 -1.69263215262 -5.256995335 8.53776914886 1.17411765385 -1.69263215262 1.17411765385 6.10050553631|
|235|0.0101827933141|51.1784317194 4.52623228487 -30.188022646|3.41653280537 -0.8656360787 0.124078391251 -0.8656360787 6.61348521359 -2.43633159476 0.124078391251 -2.43633159476 9.55669817062|
|236|0.00232850516986|31.9299819615 11.1357910878 -21.302151234|17.9101362764 0.0758942610846 -6.52558507144 0.0758942610846 9.79642451538 0.419104153054 -6.52558507144 0.419104153054 10.299524396|
|237|0.00226721049645|48.5302018252 5.82830055878 -18.7778661647|6.84165685433 3.70387214117 2.23218023482 3.70387214117 6.34104760681 3.06027548305 2.23218023482 3.06027548305 12.9520192572|
|238|0.00349318684355|39.3616185109 20.2583753911 -4.26908419352|5.56360741363 0.539438845157 -0.574560087207 0.539438845157 6.47758336819 2.52330056724 -0.574560087207 2.52330056724 10.1295165957|
|239|0.000990186387475|41.2479583278 9.26843437775 -18.5872311917|10.0704694108 -1.90354281395 2.29772327081 -1.90354281395 13.7993859316 8.81158612013 2.29772327081 8.81158612013 16.0442220946|
|240|0.00200763394613|38.0705430101 0.677785704761 -28.6037530133|14.6345606018 5.58654862624 -1.18728302966 5.58654862624 5.65320512372 -0.527590034988 -1.18728302966 -0.527590034988 4.94379732707|
|241|0.00109331194583|33.4709637835 4.75855124582 -24.2025519178|20.9716252924 -6.9738415282 -2.56473405471 -6.9738415282 17.5920715095 5.16749492933 -2.56473405471 5.16749492933 7.37746319722|
|242|0.00242071094556|44.6240554859 8.50826318246 -16.2082432718|9.22208162549 -2.19129565743 -4.93265430194 -2.19129565743 12.5119368329 8.46607517766 -4.93265430194 8.46607517766 19.0542110174|
|243|0.00188414308627|37.1259186828 10.4161602799 -23.2100111405|25.6338979737 -2.06884843403 -13.2768854521 -2.06884843403 4.99596750034 1.36451626053 -13.2768854521 1.36451626053 15.8521722027|
|244|0.00187277613013|31.2941030742 6.42832212164 -23.6849807948|10.8038494205 -4.15306652328 -6.10941965104 -4.15306652328 16.450711822 5.80177949801 -6.10941965104 5.80177949801 11.425621109|
|245|0.00253075477379|43.052823934 11.2322046044 -12.27954466|8.69742443431 -4.00060400723 -6.04913243418 -4.00060400723 17.2606265426 12.9680620249 -6.04913243418 12.9680620249 21.5570475368|
|246|0.00272062113055|25.6110333404 7.93156669986 -17.4369512137|8.55881062158 -0.0794784557982 0.102462174628 -0.0794784557982 7.79956390269 1.38612275422 0.102462174628 1.38612275422 6.52902729529|
|247|0.00190263427318|42.7580163767 9.47817893216 -28.2958702448|15.9276588074 -4.90375895194 -3.80338127618 -4.90375895194 9.0001958282 2.27604369069 -3.80338127618 2.27604369069 9.75854994514|
|248|0.00244072664646|31.5202480191 1.48420674501 -22.9189689736|18.8158410544 -5.66460389785 -3.92072181146 -5.66460389785 6.94741218582 2.60782629842 -3.92072181146 2.60782629842 10.0366674415|
|249|0.00186384900053|41.4979440911 12.3539100055 -12.018305581|9.06991666676 -4.76573661523 -4.62567176421 -4.76573661523 17.1573064733 12.2491275665 -4.62567176421 12.2491275665 20.6219899415|
|250|0.000915447120056|34.7951654409 5.95587241324 -26.4224601183|21.0064105171 -2.56776565234 -3.93295102313 -2.56776565234 15.9872475903 2.15693713906 -3.93295102313 2.15693713906 3.78494903592|
|251|0.000719495839875|40.0552607299 11.1683564418 -20.9137815003|10.7383051088 -1.60283925052 0.877960310585 -1.60283925052 6.85927737167 4.35221304674 0.877960310585 4.35221304674 18.2262555761|
|252|0.00212867680696|29.6326536541 10.1718514349 -19.8582237503|13.8461584308 0.426777282847 -3.99176881015 0.426777282847 10.0399125682 -0.0146524962433 -3.99176881015 -0.0146524962433 8.91687625367|
|253|0.00113233652393|41.3517892368 12.5144964746 -15.189490328|10.4238674059 -4.50870899214 -4.72884378832 -4.50870899214 13.9347891274 13.0637630611 -4.72884378832 13.0637630611 26.5058826382|
|254|0.00100566731672|38.2970285202 7.81437041298 -21.2371602031|23.0989691514 -0.934216407858 4.58513758647 -0.934216407858 9.68144404823 3.47028810644 4.58513758647 3.47028810644 7.77418054978|
|255|0.00333826056802|24.3726230319 10.5904176564 -17.0963131228|7.67473999531 0.82144550713 1.95191107967 0.82144550713 6.03986040857 -1.35794451192 1.95191107967 -1.35794451192 7.22930381803|
|256|0.00163748041464|33.9748443673 9.24371287909 -24.0404994679|21.1706862656 1.65752497465 -7.11508346818 1.65752497465 10.3570469872 2.06005441676 -7.11508346818 2.06005441676 10.3553593507|
|257|0.00121061467565|41.2716594877 10.1538404801 -15.2936420378|8.08478079112 -5.40945690324 -4.06135204031 -5.40945690324 18.4948619462 14.7877620618 -4.06135204031 14.7877620618 24.8930884433|
|258|0.00253785855321|34.2503868051 11.0160068131 -22.2588297412|21.9666431923 1.05296034702 -9.40436938744 1.05296034702 7.73958660061 0.158384821458 -9.40436938744 0.158384821458 13.0295818427|
|259|0.00168770322217|43.1144040975 9.89203609317 -15.7838769523|9.39597726076 -3.87476086113 -5.20673219012 -3.87476086113 15.819129615 12.7606134714 -5.20673219012 12.7606134714 24.27230399|
|260|0.00257337386532|47.0490907802 5.16580733713 -21.883306276|10.1880538514 5.2236767386 5.5629106561 5.2236767386 10.9665940922 4.25496477473 5.5629106561 4.25496477473 8.37109667181|
|261|0.0013714073271|36.0229097579 12.6250389526 -23.2449375097|23.2424959813 -2.82267309802 -10.3275730803 -2.82267309802 7.54052738937 0.879213902411 -10.3275730803 0.879213902411 12.7619493865|
|262|0.00569712952576|35.2185535307 1.81457573531 -28.2214706989|5.01814893651 0.145782863505 0.224701946625 0.145782863505 1.22288842374 0.63460048962 0.224701946625 0.63460048962 7.21700494299|
|263|0.000975501934809|41.4111094382 9.65298865234 -21.2120845297|14.5746320228 -3.72591473483 0.92369668383 -3.72591473483 8.67611149989 2.59741976212 0.92369668383 2.59741976212 15.9432637399|
|264|0.00112713928776|35.2057157221 8.04481010114 -21.9351497941|27.4082363683 -1.37986051976 4.35484334574 -1.37986051976 7.93886701327 2.70348412899 4.35484334574 2.70348412899 7.19428833112|
|265|0.00263317235614|40.2947246081 11.7492731413 -27.4775789684|14.3278053982 -2.86143584167 -5.47615413649 -2.86143584167 7.71610306996 3.84598545195 -5.47615413649 3.84598545195 11.4430979174|
|266|0.00202808832402|34.7091504644 10.4344735705 -22.1726628365|21.6616263742 1.21605401638 -9.19032728904 1.21605401638 5.86534207126 1.1040471277 -9.19032728904 1.1040471277 13.1121448599|
|267|0.000747819207243|39.177002363 2.61171979179 -26.328938239|20.6427651041 0.6655805911 -3.67367544022 0.6655805911 13.4803207555 1.10994223106 -3.67367544022 1.10994223106 6.39578297796|
|268|0.002093887197|31.8097481359 9.35408912982 -22.404382674|17.7294479055 1.34052252894 -6.34789802181 1.34052252894 9.39263825535 1.96257255544 -6.34789802181 1.96257255544 11.2066607379|
|269|0.00250350885157|27.7521651008 12.820739707 -18.4218921839|8.49872322939 -3.82744796557 -0.270997246017 -3.82744796557 6.92111128783 -0.44557475626 -0.270997246017 -0.44557475626 7.60308475961|
|270|0.00277012704055|36.0805404608 -2.11891270299 -24.0366844324|15.5778858563 -4.61219485962 -0.949970408586 -4.61219485962 7.68248386993 1.97324513998 -0.949970408586 1.97324513998 6.32359965977|
|271|0.00242613087391|38.9946470757 18.8066773614 -7.89770555147|7.07211740463 0.929465793372 1.97719048611 0.929465793372 8.66775474923 4.40982689027 1.97719048611 4.40982689027 10.2541879767|
|272|0.00203896052592|44.9343571528 3.08745804168 -22.0844679258|9.63074697215 6.8008711815 3.70983503739 6.8008711815 15.2882885204 5.21774658581 3.70983503739 5.21774658581 9.78711850343|
|273|0.00234722890333|32.0924595938 1.61173315746 -23.8419202973|21.0927908318 -4.85476404939 -5.84913994272 -4.85476404939 5.64094382007 2.60354882962 -5.84913994272 2.60354882962 10.7310820898|
|274|0.00183968533218|44.3351298343 9.43077763699 -17.4818413572|11.6107807688 -4.70669193107 -6.20580235921 -4.70669193107 9.48392142679 9.76943942033 -6.20580235921 9.76943942033 25.623863749|
|275|0.00257598790119|45.8002084479 9.39583333322 -16.3277963315|8.66704709204 -3.69741390897 -6.46788092219 -3.69741390897 12.3588022624 10.4340519271 -6.46788092219 10.4340519271 21.8265032045|
|276|0.00130076281491|42.111399214 3.25141136643 -22.5115504863|16.0635315522 3.13163130515 1.83620973895 3.13163130515 12.2261726911 8.34160343361 1.83620973895 8.34160343361 8.59125201497|
|277|0.00174179833599|28.6366924746 9.12360099998 -19.401258769|11.5821322328 0.00460468943839 -2.49009576514 0.00460468943839 7.75091086082 1.3021181215 -2.49009576514 1.3021181215 9.32179112867|
|278|0.00242498861587|44.9932940394 8.57635610888 -15.2166695254|9.01226468838 -2.46742325089 -5.99134539123 -2.46742325089 13.1720810649 8.69011114157 -5.99134539123 8.69011114157 18.4231018133|
|279|0.00257659527459|31.4304244449 12.0636817792 -19.3981284835|16.810758577 -1.91812622201 -4.35977665135 -1.91812622201 9.117643917 -0.741280048282 -4.35977665135 -0.741280048282 6.46857610031|
|280|0.00278269624375|34.3981552133 0.285429460351 -24.5268750482|19.4084846542 -3.67254216787 -3.7556927252 -3.67254216787 5.49392387915 1.3966233642 -3.7556927252 1.3966233642 8.94532010964|
|281|0.00203498421252|29.5008785788 8.59645218633 -21.3412831844|11.8583060191 -2.7744524687 -5.96405649054 -2.7744524687 11.0317020954 3.60470140949 -5.96405649054 3.60470140949 11.6678170876|
|282|0.00285245323492|46.7736519334 4.50735153768 -29.8703417005|7.90300637887 -2.06003808983 1.63554295967 -2.06003808983 6.00049904048 -1.81917862617 1.63554295967 -1.81917862617 7.47523013034|
|283|0.0012978323969|31.7971729302 5.04143958127 -22.9387762017|16.6080670344 -7.54484029812 -5.72866530557 -7.54484029812 17.1512931698 6.09965601551 -5.72866530557 6.09965601551 11.1610324798|
|284|0.0022996129934|43.7233785675 10.6629544856 -15.2014784701|10.9213950475 -5.12615646568 -7.60138187333 -5.12615646568 14.9622516551 12.6422447537 -7.60138187333 12.6422447537 24.2299273545|
|285|0.00289810637612|31.4220346685 0.227616199391 -23.6850094731|16.7559929381 -7.0878445644 -0.0810073756835 -7.0878445644 8.25777793952 1.20380555725 -0.0810073756835 1.20380555725 7.28913824435|
|286|0.00243436280826|42.9289991829 11.0978887379 -29.293431999|11.8511834507 -3.89872782476 -3.48005739045 -3.89872782476 8.66040280633 3.48172044527 -3.48005739045 3.48172044527 10.0383597688|
|287|0.0026568116249|44.8388211804 7.45144583994 -15.8659303593|8.97480655252 -1.75498399929 -5.08965539701 -1.75498399929 10.4387037981 5.01519033068 -5.08965539701 5.01519033068 13.395196823|
|288|0.00330800867329|36.862230939 0.421756421322 -26.6361981007|8.40740580403 -2.12799289325 -1.39489481206 -2.12799289325 4.14431340306 0.668617862405 -1.39489481206 0.668617862405 10.294931408|
|289|0.00209056595205|42.2548464825 10.0373056092 -29.5849567172|16.2315054802 -3.79824950438 -4.47736325885 -3.79824950438 7.65062549649 1.97763384463 -4.47736325885 1.97763384463 8.02950978544|
|290|0.00314981093704|24.9887473342 5.41814121449 -19.0121328067|5.44112958395 -1.85660431993 0.156926138685 -1.85660431993 3.92141567443 1.80462673171 0.156926138685 1.80462673171 15.0332431615|
|291|0.00327202391257|32.6686344645 14.8906580204 -19.4265407698|3.50146337221 2.11112996496 -0.47392838771 2.11112996496 9.94122735515 -1.50296459413 -0.47392838771 -1.50296459413 2.58035873244|
|292|0.00164677122949|44.1007768918 7.20074506097 -16.8073775937|8.46703544665 -1.65540568068 -4.10508488204 -1.65540568068 10.4783352765 7.23791560343 -4.10508488204 7.23791560343 19.6553946909|
|293|0.00199073845942|32.751799997 1.10845727928 -24.4267035179|20.6604203025 -7.02105365945 -0.0244703573886 -7.02105365945 9.27845445985 0.247357478157 -0.0244703573886 0.247357478157 5.55351476108|
|294|0.002043337932|43.1678019739 12.4722642839 -10.6673552672|6.77554554523 -2.48019285389 -5.35768151993 -2.48019285389 15.1792883115 11.868565861 -5.35768151993 11.868565861 19.9933375468|
|295|0.00167018039003|45.1507422431 9.86302023716 -17.0653940563|9.90494670957 -4.4312797717 -6.26712244382 -4.4312797717 11.2910324552 10.7904123871 -6.26712244382 10.7904123871 24.7577473488|
|296|0.00276409357259|41.2979689479 10.9692778733 -27.3411823691|14.9834612792 -3.92935303604 -5.22544679561 -3.92935303604 8.1831375993 3.77200307556 -5.22544679561 3.77200307556 12.0761213052|
|297|0.00920091010815|47.0957384828 8.63920047486 -34.8125039623|10.4414156707 1.40943983553 1.1990876186 1.40943983553 5.01549648057 -0.36638662142 1.1990876186 -0.36638662142 3.23941667636|
|298|0.00371132506698|49.0236684773 8.68700598938 -30.4007927128|8.04021712013 -0.517317303373 -1.05724626141 -0.517317303373 5.02476364786 -1.80777773673 -1.05724626141 -1.80777773673 5.44286769984|
|299|0.00132002316771|41.7642229482 9.7972457907 -22.6045204956|13.6436589083 -6.02107624855 -1.8483879523 -6.02107624855 8.24970476015 4.77903420409 -1.8483879523 4.77903420409 22.322609031|
|300|0.00226393907739|38.7971852413 -1.7477713137 -26.2371718611|15.7314116356 2.58197430435 -0.0707610093585 2.58197430435 5.62981042485 1.00619621846 -0.0707610093585 1.00619621846 6.89645129725|
|301|0.00244180179141|35.0416110559 11.2384578399 -23.4981061709|22.2272907656 -0.210695826496 -11.1418596554 -0.210695826496 7.98912706149 1.00491124619 -11.1418596554 1.00491124619 15.0289791332|
|302|0.00240234506475|42.8439933347 11.0703411297 -31.0624324039|14.6196914417 -3.50761211086 -3.59954413078 -3.50761211086 8.43825941373 1.92037831031 -3.59954413078 1.92037831031 5.85138056067|
|303|0.00191388655145|32.2374459799 8.38918314905 -23.5873470824|22.1550100465 3.00620322368 6.05111295502 3.00620322368 4.37263630653 2.92741508463 6.05111295502 2.92741508463 5.91065306092|
|304|0.00037378741176|40.7868467581 5.79297570941 -19.7049846382|14.7411968554 3.90694992125 3.53150002479 3.90694992125 6.69696199298 5.80878288117 3.53150002479 5.80878288117 11.9297487272|
|305|0.00253197007143|44.2673494563 8.53465335806 -14.8411381068|8.78333921621 -1.9538958237 -4.52704624282 -1.9538958237 11.6929989781 5.91176400371 -4.52704624282 5.91176400371 13.1489434197|
|306|0.00108112960658|39.9505228259 0.895422783599 -25.8855251419|17.74890538 3.23546371274 -0.140974291726 3.23546371274 7.53996791625 1.32754016103 -0.140974291726 1.32754016103 7.58744453672|
|307|0.00231995480393|40.376587161 9.92648035254 -10.230809144|3.38609502398 0.53806097293 -0.400273409209 0.53806097293 8.61108499802 3.63811996201 -0.400273409209 3.63811996201 12.0259190072|
|308|0.00253161916547|42.3838077178 12.4046048919 -11.969077455|9.87464063444 -4.83912242925 -6.23750384986 -4.83912242925 15.9173508354 11.5331157487 -6.23750384986 11.5331157487 20.7352824736|
|309|0.0020761400805|43.8660102939 1.50844602432 -23.4412032224|13.9171558996 5.75022612529 3.92041239163 5.75022612529 5.84545161602 3.83893550348 3.92041239163 3.83893550348 4.37247495394|
|310|0.00195208988297|32.8113342972 9.36358451765 -24.1767557845|17.3509601025 0.760545050009 -6.44756504507 0.760545050009 11.0644796115 2.76055768596 -6.44756504507 2.76055768596 9.51441553703|
|311|0.000975564084519|37.7737889361 0.947382307526 -25.0604468157|18.3425140155 -0.24483173194 -1.30010910984 -0.24483173194 9.54264145169 3.10988889288 -1.30010910984 3.10988889288 7.78308261071|
|312|0.00344324860748|38.4031217789 21.6694643802 -3.78309705597|4.54575693044 0.17083835631 1.81519551387 0.17083835631 5.73579758319 2.60121259432 1.81519551387 2.60121259432 10.7232435898|
|313|0.00113951538648|42.0859661087 5.9257469299 -15.6991382718|5.91348810048 -4.79472771018 -5.16550058059 -4.79472771018 8.82185851979 7.1258807926 -5.16550058059 7.1258807926 18.8509419484|
|314|0.00792598514318|43.2884357379 -5.31512573019 -27.0353581063|3.30798983138 0.937297735212 -0.948381984095 0.937297735212 4.24600019708 -1.34533755293 -0.948381984095 -1.34533755293 7.43756081508|
|315|0.000991207465806|29.5137543552 3.35499737247 -19.3331622685|13.5964769605 -4.74716391747 -3.14557928937 -4.74716391747 8.6605086092 5.05571023848 -3.14557928937 5.05571023848 8.32579107937|
|316|0.00391800290873|24.9831907949 5.18864837616 -22.3652910289|4.51293922832 -0.626644797311 0.571956382304 -0.626644797311 3.69127529778 0.198115844154 0.571956382304 0.198115844154 10.1811037575|
|317|0.00240363843091|42.251214778 13.8952901308 -11.9935978193|11.2490652151 -4.75373593739 -6.80556354658 -4.75373593739 11.6888442616 8.23720991583 -6.80556354658 8.23720991583 18.7621297753|
|318|0.00211043578437|37.8093337711 14.4688964445 -16.2831550468|2.19899764023 -1.58313430149 0.321766182603 -1.58313430149 8.59071094332 8.24415798617 0.321766182603 8.24415798617 15.2123901363|
|319|0.00266259843573|27.7985145105 10.8689606765 -18.1683787458|9.41541647055 -3.53680470464 -0.442768558003 -3.53680470464 8.29989767593 0.308262086812 -0.442768558003 0.308262086812 7.21281797008|
|320|0.000977981050785|36.4139451934 11.8286341391 -21.5881948768|18.7825536613 -0.264758884981 -7.956150939 -0.264758884981 7.70636834753 -1.18198529659 -7.956150939 -1.18198529659 7.90346187814|
|321|0.00170918409265|32.2158570145 6.48864228495 -25.588371554|9.29716887459 -1.44410494666 -1.70899497576 -1.44410494666 16.3854678196 3.51760363283 -1.70899497576 3.51760363283 4.0447277528|
|322|0.00169379140156|41.7454047885 12.3402026506 -13.4589534861|10.1102486533 -5.10463577994 -5.48099962925 -5.10463577994 16.140219882 13.1520600491 -5.48099962925 13.1520600491 23.3699937433|
|323|0.00241720303958|26.5478492845 8.80241419005 -17.624985327|9.79784492843 -0.066154294284 -0.0935161984133 -0.066154294284 8.36403357774 1.01767301485 -0.0935161984133 1.01767301485 6.04376670247|
|324|0.00213533939956|29.1449260288 2.45985627709 -20.9239791159|11.8068924766 -6.40174570477 -3.27058852472 -6.40174570477 12.2958868238 7.47335658825 -3.27058852472 7.47335658825 12.0840642135|
|325|0.00148623215992|27.9444435282 10.7631825173 -20.9947890126|11.9015264641 -2.14384600158 -3.16432685308 -2.14384600158 9.96371420963 3.11527071414 -3.16432685308 3.11527071414 7.58423737979|
|326|0.00235964046718|43.2170786426 7.25283411327 -25.5234063469|12.8188236863 -5.41841076251 -1.34619301687 -5.41841076251 6.66854206653 1.20855674398 -1.34619301687 1.20855674398 15.9802573514|
|327|0.00230762661895|45.8548944517 6.55762336185 -18.4402399583|8.77417333154 -1.32112937962 -4.61088408566 -1.32112937962 9.80311274087 6.10456566344 -4.61088408566 6.10456566344 19.1675868996|
|328|0.00180807701968|34.6292466085 0.556517219258 -25.5956725524|18.7170777198 -4.2756265284 -2.16555112743 -4.2756265284 8.86397481475 1.40831743732 -2.16555112743 1.40831743732 5.84081069554|
|329|0.00587430446358|39.9642960146 -3.70816754951 -25.6430791723|6.05442050128 1.16986354131 -1.83852924827 1.16986354131 4.41586961846 0.568963884418 -1.83852924827 0.568963884418 9.29890225513|
|330|0.00367751750328|28.3695825531 5.74526257038 -13.8222008367|2.14322655267 0.279474080422 -0.0833573645339 0.279474080422 4.68696201408 1.90383033481 -0.0833573645339 1.90383033481 5.50114985396|
|331|0.00403801240541|22.0932624564 10.1288447423 -19.2025575543|2.66400269574 -0.82042949255 -0.311708208321 -0.82042949255 10.4356695152 1.67171809766 -0.311708208321 1.67171809766 10.7632348451|
|332|0.00240561877661|39.3320070596 16.0205938283 -8.7800756592|9.31774840824 -0.912491319974 3.25904391105 -0.912491319974 10.7517185459 3.23342859142 3.25904391105 3.23342859142 5.98726281564|
|333|0.00233312472835|34.9109525008 11.8725078247 -21.9871090626|22.7044647825 -1.49532794895 -10.5151230949 -1.49532794895 8.13366948438 -0.557670088079 -10.5151230949 -0.557670088079 12.9620823589|
|334|0.00249473101168|41.1883179286 14.2859869978 -9.89688043039|8.86642127966 -3.41695167314 -3.93663974515 -3.41695167314 13.8463087813 9.5258379653 -3.93663974515 9.5258379653 17.4822745675|
|335|0.00316712134092|46.5602552505 3.9833783159 -22.5955837421|9.94896857512 -0.805787071902 -5.41321450353 -0.805787071902 2.77443808612 -0.680144467022 -5.41321450353 -0.680144467022 17.0129125207|
|336|0.000839941091777|31.7578959373 8.13837218103 -20.962730649|19.0871199597 0.752673638112 -2.90227670964 0.752673638112 6.95091202537 0.898499495071 -2.90227670964 0.898499495071 9.00961523145|
|337|0.00247944203603|44.3233733434 6.26218962603 -26.4451705263|10.2514537202 -3.75431080987 0.47375935165 -3.75431080987 5.31563159861 -0.100546674673 0.47375935165 -0.100546674673 14.719213261|
|338|0.00253745605194|35.7872905393 10.903545236 -22.8998988559|22.6807599663 -0.225169537936 -11.6513845044 -0.225169537936 6.44102541605 0.798143797791 -11.6513845044 0.798143797791 15.4985998902|
|339|0.0026245902789|43.2213630043 9.76048962119 -29.5366660934|15.4879198306 -4.62965242996 -3.20154481721 -4.62965242996 8.71148751019 1.85449426129 -3.20154481721 1.85449426129 8.09020463923|
|340|0.00189767959323|34.2274197027 12.8602227025 -20.7633512097|21.7402758361 -2.85480655462 -9.54230245633 -2.85480655462 7.90597917716 -0.241295044163 -9.54230245633 -0.241295044163 9.56538116599|
|341|0.00203882165301|35.4606141271 -1.43412664213 -25.2855616262|11.8226883459 0.607316409129 1.06567692685 0.607316409129 6.17791719723 2.20371240506 1.06567692685 2.20371240506 6.16129901315|
|342|0.0022958690265|42.8534516397 7.58621202469 -27.2004835997|12.9514875075 -6.42445154942 -0.659028398346 -6.42445154942 7.44024774226 1.1809982678 -0.659028398346 1.1809982678 11.5327792509|
|343|0.00193097815418|41.7029820044 7.98184704128 -25.1051938781|13.4309379494 -6.45373273845 -2.58102660952 -6.45373273845 7.96816687144 0.568284511758 -2.58102660952 0.568284511758 16.2426086623|
|344|0.00224900700082|31.6169967835 10.6197961174 -22.3749089092|16.0677183906 0.24463329676 -6.41449842 0.24463329676 11.0402362901 2.14472049352 -6.41449842 2.14472049352 10.4476493164|
|345|0.00115737164224|42.7851810911 12.4431916568 -15.205574294|11.9932774193 -6.28326638992 -7.84832654379 -6.28326638992 14.9333663398 13.7759146991 -7.84832654379 13.7759146991 25.540499935|
|346|0.00191218424603|45.4326296929 5.33150542606 -22.4690630809|8.82973000562 -0.592132485841 -4.04390625209 -0.592132485841 5.13373967278 -0.959102225463 -4.04390625209 -0.959102225463 16.3087784585|
|347|0.00217276553414|34.3636465051 -0.368315606509 -27.3241055144|8.28124348972 3.06174281723 -1.52894434794 3.06174281723 5.06204130673 0.2700423951 -1.52894434794 0.2700423951 7.57083269864|
|348|0.00178657790091|30.8698368072 3.25256857014 -21.6823396389|11.6769050065 -4.74563266846 -4.42779991918 -4.74563266846 12.4750874256 6.85862275022 -4.42779991918 6.85862275022 12.9708644003|
|349|0.00475300545194|38.5516856217 22.5582757399 -5.941591224|5.74802760457 0.256376830294 0.786678549876 0.256376830294 4.45130977904 1.9016829096 0.786678549876 1.9016829096 11.8148027864|
|350|0.00442093311308|38.8677317041 15.1663319761 -29.7076735707|9.30180465402 -0.0918228379851 3.19357720356 -0.0918228379851 4.07888154457 0.0557353111755 3.19357720356 0.0557353111755 4.31140952309|
|351|0.00340899953248|23.5685973024 7.94059645252 -16.6852962773|6.48064111213 3.66478746644 -0.230053765004 3.66478746644 6.90545147735 0.843836524531 -0.230053765004 0.843836524531 5.41854179724|
|352|0.00097047276198|41.112806053 8.53772161016 -21.4784910232|15.6227178737 -2.95183151155 0.767185602994 -2.95183151155 9.13443683566 1.37666865314 0.767185602994 1.37666865314 10.9174557131|
|353|0.00301392773633|44.2366666281 10.4868882749 -14.5351964796|10.0516556046 -3.82291747284 -6.42919869361 -3.82291747284 13.6500410728 8.49572493838 -6.42919869361 8.49572493838 17.0205091141|
|354|0.00207659043159|43.8366405759 1.33922860394 -23.6004163037|13.1449810533 7.03615749301 4.67263073803 7.03615749301 10.1649874668 4.07020120167 4.67263073803 4.07020120167 5.76207552759|
|355|0.00799888232635|42.0303567777 12.3548965906 -3.75137813906|5.79995605309 -1.3089292017 -1.42519103819 -1.3089292017 4.34548830083 1.14095007805 -1.42519103819 1.14095007805 6.71933045869|
|356|0.00445489067993|42.0165565093 -2.44697490538 -25.6958980178|6.46143452851 1.67751642436 3.92348157914 1.67751642436 6.58142245025 1.56352534195 3.92348157914 1.56352534195 6.50552511871|
|357|0.00168806872871|39.605256288 16.1160044033 -10.0334242734|7.55459584946 -0.691263925365 -0.701472612739 -0.691263925365 10.0934558643 8.08779234494 -0.701472612739 8.08779234494 17.1103328587|
|358|0.00221789029045|46.2185330762 6.78468723122 -30.151336665|10.0283272092 -0.430830161383 -0.385845755673 -0.430830161383 8.31081391969 -1.43435750422 -0.385845755673 -1.43435750422 6.58761139388|
|359|0.00499504470975|25.9309458295 16.5608757506 -20.6194044745|3.69395279283 -0.456481394263 -0.642846800481 -0.456481394263 3.43101934372 0.489084056891 -0.642846800481 0.489084056891 4.81878795299|
|360|0.0015995900851|37.2955646517 21.2505931584 -7.06539286926|4.11697508944 0.821787176567 3.43929867654 0.821787176567 5.79733266906 4.82960073149 3.43929867654 4.82960073149 15.145202554|
|361|0.00195977095571|40.3627076494 1.59592873921 -28.4423000994|6.46348967355 1.79858111513 4.3002087451 1.79858111513 4.23830852411 0.450615905657 4.3002087451 0.450615905657 9.87513952364|
|362|0.00240920577221|37.3486959129 11.5403699926 -24.5885584957|22.5709087254 -3.00481163137 -11.0613053079 -3.00481163137 7.83938216235 2.1653525064 -11.0613053079 2.1653525064 15.0938117026|
|363|0.00382061024588|47.0015994951 9.03591229654 -31.237363894|13.0604979049 -0.274947930703 0.0106973964175 -0.274947930703 4.29223484892 -0.825454254161 0.0106973964175 -0.825454254161 5.33668460904|
|364|0.00189229825105|39.7886999737 13.976821065 -9.52998512481|6.64085096809 -2.75738203486 -0.98009457515 -2.75738203486 14.4869236885 7.75164572913 -0.98009457515 7.75164572913 12.8304255803|
|365|0.000957631192822|43.2098080677 6.26547308392 -19.52531101|9.98786176241 -0.100982336457 0.371644453012 -0.100982336457 10.7575016664 8.57023019578 0.371644453012 8.57023019578 15.7046123546|
|366|0.0021352647727|45.2145303639 7.05734749249 -19.5582214759|9.59399671245 -0.64893483813 -2.52562867653 -0.64893483813 8.47641407959 5.78179308376 -2.52562867653 5.78179308376 19.1908486915|
|367|0.00196670747195|30.9776424916 9.38972686783 -21.4138304168|17.0678948791 1.2780381743 -5.45427949088 1.2780381743 8.06710923328 1.73786982422 -5.45427949088 1.73786982422 11.1407630531|
|368|0.00549539733746|23.7064200199 9.19607290772 -15.6407495696|6.2987318165 -0.0452894013341 1.70642370084 -0.0452894013341 4.70240232144 -0.770507569773 1.70642370084 -0.770507569773 8.06390736636|
|369|0.00305849897368|35.5546990255 -1.98242522496 -24.0590540252|19.4948336998 -8.17581982875 -2.30405813345 -8.17581982875 9.33349772899 2.62694862635 -2.30405813345 2.62694862635 6.76681067666|
|370|0.00249437435633|42.0253476752 9.88345383048 -27.3712414109|16.4300538497 -4.88257738783 -4.81003517467 -4.88257738783 8.53087956781 2.81514833639 -4.81003517467 2.81514833639 11.9060767727|
|371|0.00258372133043|36.6236240759 -1.01973745801 -27.2077275512|13.3452397141 0.907169375553 -1.46475746589 0.907169375553 6.7750617855 0.525784352161 -1.46475746589 0.525784352161 6.56959596977|
|372|0.00162898685219|41.9660785434 14.7133880393 -12.831451893|11.0400380843 -3.8602636014 -5.92143274662 -3.8602636014 9.53086320907 7.06234198087 -5.92143274662 7.06234198087 15.9530101118|
|373|0.00114516874667|33.6492365889 7.90853494586 -23.1890136207|22.4680698669 -2.22062817028 -4.0164575214 -2.22062817028 13.9072983113 4.44301658737 -4.0164575214 4.44301658737 9.09520324655|
|374|0.00263824585057|39.5322645394 11.4487861947 -26.214133178|16.794560965 -3.12531327995 -7.12772768117 -3.12531327995 7.75879806891 3.34250138065 -7.12772768117 3.34250138065 13.1803222671|
|375|0.00213138591865|31.535916664 9.18261780178 -23.1882582026|15.0003962941 -0.043398756028 -6.48157105485 -0.043398756028 11.9304472281 3.03549973174 -6.48157105485 3.03549973174 10.5865864691|
|376|0.00187081212043|40.7569751573 9.16251431724 -25.105461982|14.6765577675 -6.49114809291 -3.11434698076 -6.49114809291 8.33508198293 1.42037121745 -3.11434698076 1.42037121745 14.5356934232|
|377|0.00318918650906|45.2253535426 3.76696125446 -31.3448749983|5.82836668321 -1.59611587827 0.298117079099 -1.59611587827 7.90813529611 -4.98113174791 0.298117079099 -4.98113174791 7.2348149441|
|378|0.00556962582817|19.9880352483 11.0389136137 -21.3351735876|5.14940469722 -0.90442506327 0.504107047142 -0.90442506327 5.07295200538 -0.311350949418 0.504107047142 -0.311350949418 3.20696059225|
|379|0.00270962531408|39.7795352176 16.0037580156 -8.53523299032|7.95972861462 -0.88074553239 1.70686769252 -0.88074553239 11.9897641419 4.89076534886 1.70686769252 4.89076534886 8.37443929095|
|380|0.00157733709789|41.9136232417 1.12550290366 -23.9591460912|17.576023179 6.47311392407 5.41241478206 6.47311392407 8.09362881645 1.86474409508 5.41241478206 1.86474409508 5.62454865716|
|381|0.00177984754168|37.537215949 10.103247431 -23.7048562771|26.3843398282 -2.57773995118 -12.761276761 -2.57773995118 5.30496615708 1.30669551454 -12.761276761 1.30669551454 15.8550213182|
|382|0.00253154434452|39.5536011793 10.4681070524 -26.0330971548|19.5375812925 -2.86371756831 -8.74388081136 -2.86371756831 6.22835620776 2.72604277619 -8.74388081136 2.72604277619 14.3754156024|
|383|0.002941864015|47.9983196144 5.67298785661 -27.243983717|5.75933261736 -1.59589159616 -0.800046255213 -1.59589159616 6.98763629657 0.226327346072 -0.800046255213 0.226327346072 10.5383390683|
|384|0.00126689882982|42.8226802788 5.35921875141 -21.3833929188|14.1222216073 0.804584817354 0.701578610143 0.804584817354 11.3771994376 7.61559253288 0.701578610143 7.61559253288 11.0019022238|
|385|0.00304957803119|43.8068839208 11.7153409191 -13.6606748173|11.1841206564 -5.06711394005 -7.4949596216 -5.06711394005 13.582683165 9.00582594351 -7.4949596216 9.00582594351 17.8255139097|
|386|0.00082564370438|38.5380868817 5.55767251569 -22.8537393492|21.198644199 -0.620298735468 1.08810667054 -0.620298735468 15.4624044341 6.40939657575 1.08810667054 6.40939657575 10.1337275779|
|387|0.00229021871171|45.3598046362 5.58488185085 -18.1768744027|9.12332627692 -1.62566928289 -5.91421437405 -1.62566928289 7.61751806836 3.80344824593 -5.91421437405 3.80344824593 16.7648356328|
|388|0.00189948941592|30.8929965174 1.79636127178 -20.4249235371|11.9820882564 -4.58606612648 -3.90086001458 -4.58606612648 9.89276016511 6.86004560755 -3.90086001458 6.86004560755 10.6487893818|
|389|0.00283867935025|45.2436163004 5.40106736428 -22.2031720692|10.0521016092 -1.19928185042 -6.09131758102 -1.19928185042 5.31810593252 -0.541315692766 -6.09131758102 -0.541315692766 16.766947336|
|390|0.00250806350822|32.1033253291 0.562207523122 -21.6516908193|17.3639949565 -5.95802675661 -3.9244423259 -5.95802675661 7.47779963688 3.35162998806 -3.9244423259 3.35162998806 8.17017090561|
|391|0.00393176635608|44.4774280336 15.2005881307 -12.6098981284|7.39605558234 -3.29348152754 -2.92469240021 -3.29348152754 6.72977743185 1.65159109988 -2.92469240021 1.65159109988 8.55655451896|
|392|0.00185807386091|30.6763992031 7.1951374373 -22.3884142777|12.039991226 -4.33965168634 -6.67434376675 -4.33965168634 14.6135024693 5.40241946025 -6.67434376675 5.40241946025 12.6950377186|
|393|0.00315225800967|26.4630389978 3.36173631446 -17.8835164242|6.27883017097 -3.74425205801 -1.59251821166 -3.74425205801 9.04827941843 6.05170771099 -1.59251821166 6.05170771099 7.71539378812|
|394|0.00160596003801|33.9672008486 0.0496581509112 -23.3374710792|16.9631842318 -4.34281936194 -3.09034427314 -4.34281936194 6.61230014647 2.12934602056 -3.09034427314 2.12934602056 8.36532152417|
|395|0.00183219838782|28.8082597583 8.26844284239 -19.9115766282|11.5107377148 0.712419650262 -2.6455855302 0.712419650262 7.26134742697 1.92528431588 -2.6455855302 1.92528431588 10.6986312093|
|396|0.00575765351166|39.907065669 16.6796842254 -3.33159074704|7.21871038014 -1.29682990275 0.700688527272 -1.29682990275 7.03507821635 -2.28845499402 0.700688527272 -2.28845499402 3.97528025768|
|397|0.00208237899105|45.6178600577 7.36964258078 -20.9539426652|9.92090185001 -3.44227243387 -3.0815110601 -3.44227243387 6.75284716839 6.68336116643 -3.0815110601 6.68336116643 20.5877657449|
|398|0.00192299008999|36.7012826306 11.3196703855 -23.1108223933|23.6874886699 -2.02548765904 -11.7341316904 -2.02548765904 7.43992877831 0.608960932478 -11.7341316904 0.608960932478 14.6145977945|
|399|0.0020492839758|32.7781577655 1.40855095308 -25.0393253496|21.2038895436 -5.36996356288 -3.22040697642 -5.36996356288 7.13321980065 1.59158900568 -3.22040697642 1.59158900568 6.94241820481|
