#|num|weight|mean|covariance matrix|
|0|0.00338238364171|25.1800699072 7.70769750279 -19.1383914472|6.36680321406 1.32401339831 0.66406107515 1.32401339831 7.32906072891 2.14922614445 0.66406107515 2.14922614445 10.2369889357|
|1|0.00200171753195|42.7626705735 10.1429648615 -19.2309733585|11.7167771261 -6.04895752698 -5.93547869841 -6.04895752698 12.2325334136 10.3194682125 -5.93547869841 10.3194682125 27.4423490097|
|2|0.00194556965724|33.1776691891 3.61977796759 -24.3188250207|18.7350242858 -7.34206763652 -2.35340593496 -7.34206763652 13.7515146845 3.56812464971 -2.35340593496 3.56812464971 6.75747224246|
|3|0.0021910459084|41.5554994202 11.3349614125 -13.8853836203|8.61196090912 -4.68429252616 -4.28375787796 -4.68429252616 17.6514386013 12.5176523753 -4.28375787796 12.5176523753 22.6396906838|
|4|0.0033593978971|43.5284850648 9.14253583444 -29.1624863474|12.6554901409 -4.04369144105 -1.61766036578 -4.04369144105 10.8625326041 1.35732864689 -1.61766036578 1.35732864689 7.82701090507|
|5|0.0060926544265|38.8561476111 19.2758002007 -3.03115141253|8.41561507779 0.372919950348 -1.70606881879 0.372919950348 3.28047053225 0.297147180215 -1.70606881879 0.297147180215 5.43172698318|
|6|0.00240011924824|30.1245622224 6.80423686193 -21.4467791533|13.8242590674 -4.04556634749 -4.54610959182 -4.04556634749 13.1668366634 4.88617718586 -4.54610959182 4.88617718586 11.8751524867|
|7|0.00234714318554|42.4681639565 7.76826510408 -25.8883746583|13.9619713267 -5.59054956337 -1.49001802995 -5.59054956337 8.35511359256 0.768188010334 -1.49001802995 0.768188010334 12.7348273861|
|8|0.00299618162538|38.4166169859 -1.77372731222 -25.6483809728|16.32283475 2.20247045085 1.45919325013 2.20247045085 5.3065111703 0.943538534084 1.45919325013 0.943538534084 6.09978646129|
|9|0.00417810629485|48.2859002165 6.27927491424 -28.0463312811|5.89188068708 -2.52650420468 -0.128452388666 -2.52650420468 9.36296693391 -1.60328618181 -0.128452388666 -1.60328618181 6.4407367223|
|10|0.00348348009984|37.3335049712 11.4560867489 -25.052983049|22.3347511696 -1.20804891557 -10.9253778205 -1.20804891557 6.74091516861 2.6189732919 -10.9253778205 2.6189732919 14.8097709896|
|11|0.00331589757398|40.9635460224 13.6549294052 -9.32279370384|6.63164323642 -1.35060799489 -1.262186216 -1.35060799489 14.2198764496 8.20540397714 -1.262186216 8.20540397714 14.3615703338|
|12|0.00318224676776|31.1725237408 12.6321849369 -18.9679176994|14.5453304552 -3.4168612443 -5.99682146828 -3.4168612443 9.78925061846 -0.317621745583 -5.99682146828 -0.317621745583 7.70310218473|
|13|0.00257179100031|31.9865668238 9.46603369104 -22.5947456478|18.7159982237 3.01820874548 -2.54106498745 3.01820874548 7.88973560014 2.53816582631 -2.54106498745 2.53816582631 8.99995815385|
|14|0.00299202643714|44.6602978332 6.83477183434 -17.7833491806|10.0680960788 -1.61720168814 -4.51534727298 -1.61720168814 11.0894355579 8.12842872384 -4.51534727298 8.12842872384 19.9589466849|
|15|0.00269359717408|31.8852764417 3.37704052621 -24.52913342|17.4008068186 -7.10545321607 -4.11940449119 -7.10545321607 13.2018371472 3.64836142027 -4.11940449119 3.64836142027 7.55503100721|
|16|0.00347371118206|39.137829401 18.0163001461 -7.00643211218|6.82305861312 0.0482979213612 0.628755955597 0.0482979213612 7.62478314004 3.16713463133 0.628755955597 3.16713463133 11.026006716|
|17|0.00154985314822|27.3701038023 7.04421093783 -16.861257326|8.61671649372 1.18747078243 0.40099652475 1.18747078243 8.3711428951 0.674054098981 0.40099652475 0.674054098981 2.69181067967|
|18|0.00174516191759|35.0975748224 0.983789635837 -27.011409581|11.2593543969 0.863492092212 -2.148394927 0.863492092212 5.95991573203 0.397862583917 -2.148394927 0.397862583917 7.45141055606|
|19|0.00316076018147|43.428675443 10.5824157697 -14.6038081333|10.6507968121 -5.24770180578 -6.90284198179 -5.24770180578 16.2535385432 11.378177506 -6.90284198179 11.378177506 22.0792833957|
|20|0.00456769573775|28.3801443096 11.8479222268 -17.8270692011|7.8378279391 -4.60435326216 -0.668514070639 -4.60435326216 5.91364083824 -0.643651233236 -0.668514070639 -0.643651233236 8.02282178413|
|21|0.00357017456936|37.0071290031 10.7788709198 -24.5956583018|23.4148537231 -0.0178674339064 -12.5221680254 -0.0178674339064 6.23292557014 1.43711224215 -12.5221680254 1.43711224215 16.3804932057|
|22|0.00257331409662|41.9960779179 1.87492040969 -27.7195301637|9.57850473434 4.71946505668 2.62800776836 4.71946505668 9.39365540523 -0.922993393435 2.62800776836 -0.922993393435 6.71575833696|
|23|0.00265166701952|30.6299531812 9.19023552052 -21.8841792585|16.8326129395 2.5330725425 -2.59507145625 2.5330725425 6.37709994781 2.27056473153 -2.59507145625 2.27056473153 9.89643094852|
|24|0.00213247156294|42.7094232628 8.13719212233 -15.2269687889|7.0351013522 -1.84508093202 -3.18657078395 -1.84508093202 13.3508585397 11.1419491281 -3.18657078395 11.1419491281 22.3549152052|
|25|0.00313438395944|33.5629723632 1.37562358613 -24.6106669533|20.1788893733 -5.81142101596 -3.68198577952 -5.81142101596 7.93549260967 1.46571164048 -3.68198577952 1.46571164048 8.10179848686|
|26|0.00299210277382|42.1433999796 11.2423472303 -28.0800915885|11.0140719503 -2.05209849826 -3.04102040737 -2.05209849826 7.80120386259 3.14717947556 -3.04102040737 3.14717947556 10.0660683898|
|27|0.00341096160897|30.61769403 1.88470097625 -22.3134105472|19.2419363854 -3.74730719711 -7.01332151657 -3.74730719711 4.6298772944 2.27299917353 -7.01332151657 2.27299917353 11.2442835346|
|28|0.00388009102871|44.1687039293 10.795959042 -13.7471653099|10.5775587055 -4.93079385133 -6.95812429513 -4.93079385133 13.949620509 7.42859646731 -6.95812429513 7.42859646731 15.8647893158|
|29|0.00348585411072|26.9730674345 10.2789075042 -17.2271628435|7.00535591314 -1.3652316339 0.810341129726 -1.3652316339 8.19782821409 -0.414608981906 0.810341129726 -0.414608981906 6.16676023108|
|30|0.0034648634298|45.0439156372 7.43601012485 -17.8004894264|10.1927547504 -2.54711385651 -5.63632099597 -2.54711385651 11.6959606224 9.43700651825 -5.63632099597 9.43700651825 22.5532504003|
|31|0.00491203449103|44.5478087608 15.5753864948 -13.1398545432|6.02192770793 -0.515932021846 -3.36702397634 -0.515932021846 2.72865187417 0.531664504152 -3.36702397634 0.531664504152 10.2404247297|
|32|0.0067309543326|48.7447081638 9.19832579085 -31.1043065059|6.03074881867 -0.454830171643 -0.87598938731 -0.454830171643 5.73229282049 -2.21734354209 -0.87598938731 -2.21734354209 5.01075627187|
|33|0.00119557608295|38.5882597259 7.55682230656 -21.707124564|22.5945966299 -0.607171583227 2.06903621859 -0.607171583227 14.6091893205 7.10242918262 2.06903621859 7.10242918262 11.341683485|
|34|0.00163410621697|42.9396185567 7.39722880743 -20.2172280075|10.9876091316 -0.652016852884 -1.17164926672 -0.652016852884 15.4397869627 8.6766336126 -1.17164926672 8.6766336126 15.5211774878|
|35|0.00143077572088|36.5870576181 5.7030892456 -25.7724790206|24.4747758734 -1.99940028799 -6.50660578643 -1.99940028799 15.6880121361 2.31483557834 -6.50660578643 2.31483557834 7.5496901618|
|36|0.00284449909177|40.5040032074 10.5802563362 -26.4661014431|17.3905181041 -3.73423249073 -6.16810279168 -3.73423249073 8.32975079753 2.92655545271 -6.16810279168 2.92655545271 12.1841971813|
|37|0.00318132894454|32.3781322455 10.0894735017 -23.1318079746|15.8964613393 1.34566574644 -3.66695920095 1.34566574644 9.83299367842 2.89531238605 -3.66695920095 2.89531238605 8.5159391534|
|38|0.00298784415468|40.6328209267 14.7540875995 -11.19578453|9.08753440417 -2.42846471492 -2.80958429712 -2.42846471492 8.60413826644 6.51798743877 -2.80958429712 6.51798743877 17.5957710752|
|39|0.00188500984484|28.2167769646 6.70923816482 -21.7766763229|13.0539437568 -5.34484560086 -2.80167215206 -5.34484560086 14.3056494567 5.72635288327 -2.80167215206 5.72635288327 10.0513352714|
|40|0.00324689856138|36.1927025711 10.4890913671 -23.2703805977|23.7024875953 -0.127102976847 -13.4729104619 -0.127102976847 5.30173513343 -0.129950254243 -13.4729104619 -0.129950254243 16.6801160403|
|41|0.00169191415962|42.4464816105 2.37858966858 -23.462329713|14.3975231305 5.07744661185 3.4504686284 5.07744661185 11.3050212732 5.0579874378 3.4504686284 5.0579874378 10.9208483852|
|42|0.00330796265617|37.5082128543 -0.90863023956 -27.6968058114|15.6846649369 1.95540908161 -0.720910996981 1.95540908161 6.23609019025 -0.922649496909 -0.720910996981 -0.922649496909 6.49907846333|
|43|0.00401581956507|32.4707390689 1.18781479739 -23.5892359165|23.1132822097 -5.03774783305 -6.07445527518 -5.03774783305 5.07965748441 1.34746421516 -6.07445527518 1.34746421516 10.0714713093|
|44|0.0028828369649|33.2333270764 1.7242303187 -24.4051222658|20.7093502886 -6.89952485079 -2.0069423639 -6.89952485079 9.52056910068 1.14101451008 -2.0069423639 1.14101451008 6.70591640708|
|45|0.00320086629524|43.5426131749 11.8763317848 -14.5398123303|12.1581850029 -6.85269912991 -8.03542916038 -6.85269912991 14.635315731 10.5026595534 -8.03542916038 10.5026595534 20.2379315329|
|46|0.00160858407019|36.2051867925 12.4394038739 -22.4968999132|24.5507168546 -3.0330138646 -11.9989244955 -3.0330138646 7.49875302404 1.16402458168 -11.9989244955 1.16402458168 11.5661285006|
|47|0.0042132322317|46.5398375303 6.23342028986 -30.2965729036|7.74566657702 -2.05988364262 2.08617308207 -2.05988364262 9.58386361538 -1.14880102776 2.08617308207 -1.14880102776 6.58126584266|
|48|0.00458750974896|23.5521294349 5.13966184492 -16.2631070924|5.61493727979 0.537290316228 0.337334300199 0.537290316228 5.53753481336 1.85251188612 0.337334300199 1.85251188612 5.54371206124|
|49|0.00324347892803|42.1502923076 12.4577408692 -10.4400932417|7.92422988244 -3.14433319234 -3.24582893575 -3.14433319234 15.7899215049 10.3686014057 -3.24582893575 10.3686014057 16.0787688505|
|50|0.00370766164941|29.9021107438 1.46717245781 -20.6844636917|5.84490291103 -2.78866552799 -0.227723423945 -2.78866552799 9.86934211555 6.61549579944 -0.227723423945 6.61549579944 11.7853704937|
|51|0.00174166760063|42.3670114418 7.6133465519 -23.3239867214|12.1080220604 -4.1704753833 -2.26685836203 -4.1704753833 8.69150932691 0.384560811367 -2.26685836203 0.384560811367 16.5117303561|
|52|0.00321414723134|45.4893792246 5.62752376936 -21.6618421307|9.65581923264 -0.960185283101 -2.1263492731 -0.960185283101 6.96203403134 2.90884164534 -2.1263492731 2.90884164534 16.7958491581|
|53|0.00292131381045|40.9621974557 10.0410582708 -26.8850321097|18.2913572134 -3.6994468272 -6.12246938388 -3.6994468272 8.2122092282 1.9965585455 -6.12246938388 1.9965585455 11.7154485589|
|54|0.00234542450115|28.9758984372 8.23286737457 -20.4710433803|14.0508556775 1.40703261453 -2.78948121236 1.40703261453 7.62830575766 1.49378565187 -2.78948121236 1.49378565187 10.8175814176|
|55|0.00233570283533|26.3706436941 7.69638691542 -18.8510810063|7.5721898254 1.42389895137 0.312846147787 1.42389895137 7.76755248378 1.81867789068 0.312846147787 1.81867789068 10.3738676972|
|56|0.00218964113137|31.7407014497 4.84139040096 -23.1745476051|14.907235251 -5.97996138633 -5.14251616002 -5.97996138633 15.1286541989 5.91815286519 -5.14251616002 5.91815286519 11.1388343655|
|57|0.00285389132532|40.9204275331 11.2323357887 -10.3075962537|5.69808302315 -1.1517453373 -2.09521403979 -1.1517453373 13.5741510973 9.23805844701 -2.09521403979 9.23805844701 16.2471636303|
|58|0.0129507766456|45.1971352024 8.27815288339 -34.7196192004|7.65341686918 0.472501456241 -0.238968922862 0.472501456241 4.11172053316 -0.638195868727 -0.238968922862 -0.638195868727 3.49959254248|
|59|0.00123213650107|40.9370560629 11.8141654919 -18.3411060747|11.7525473639 -2.03450053576 -0.117857495146 -2.03450053576 10.894068228 9.38022311924 -0.117857495146 9.38022311924 20.1231441969|
|60|0.00822544691407|24.3578015191 16.4234353823 -18.7536242094|7.19858234153 -1.07654726234 -3.66568839162 -1.07654726234 3.05308699053 1.13369041078 -3.66568839162 1.13369041078 7.70263779517|
|61|0.00426332820628|40.3662238946 18.0355037815 -5.73337643667|4.98475488529 -0.22326247387 -1.14290593681 -0.22326247387 7.71256004686 1.15212325208 -1.14290593681 1.15212325208 8.45988956923|
|62|0.00227070968665|44.4188202095 6.90949422522 -20.2017023107|9.40039648899 -0.497126426152 -1.65832469817 -0.497126426152 11.9099223989 6.98682556924 -1.65832469817 6.98682556924 16.8192127535|
|63|0.00334237094149|41.7931386051 10.3132756077 -27.6105647016|14.7477178514 -3.36651119086 -4.07786482753 -3.36651119086 8.74769026061 2.4488023345 -4.07786482753 2.4488023345 10.4429001421|
|64|0.00161331575252|40.069183257 2.41930171511 -22.8000041017|17.5927685288 4.29166174632 4.8459892253 4.29166174632 12.6489570113 6.9453887625 4.8459892253 6.9453887625 6.58576795071|
|65|0.000688340509431|40.9989996576 6.54765315455 -19.5850906751|12.594235764 0.366649273618 2.03044547664 0.366649273618 14.4210608759 9.56307649702 2.03044547664 9.56307649702 17.0842441803|
|66|0.0027493529247|40.5551552069 -0.635945162687 -27.2327191029|18.0392819498 3.09978732918 -0.297090409816 3.09978732918 5.41381209331 -1.25310331441 -0.297090409816 -1.25310331441 7.26430536125|
|67|0.00303175924875|43.9724858788 8.91714735012 -15.3759266656|9.39718167659 -2.80170043519 -4.9324916799 -2.80170043519 14.6921669848 9.21468464077 -4.9324916799 9.21468464077 18.7484495338|
|68|0.00264935346506|31.6009539902 6.99380968462 -24.0120147939|14.0530566822 -3.90319981327 -4.75130823742 -3.90319981327 16.9130081896 5.23563862183 -4.75130823742 5.23563862183 8.35361052134|
|69|0.00408790331449|36.7495706635 -1.12927794365 -25.1226032011|10.5315421695 -3.15682740249 -2.31524702654 -3.15682740249 7.82272454862 0.723373934937 -2.31524702654 0.723373934937 7.74440323952|
|70|0.00252506161662|32.9658368239 8.69862352895 -23.8279172669|17.6931245693 -0.296018423424 -5.36946424247 -0.296018423424 13.0648922847 3.49269609566 -5.36946424247 3.49269609566 9.01865605451|
|71|0.0057046261086|48.0481541546 5.20144937215 -30.4459008704|5.55003301839 -1.98493563558 2.01332766813 -1.98493563558 9.98965905818 -0.638046349583 2.01332766813 -0.638046349583 5.3997386795|
|72|0.00358665045501|23.1667643107 13.380204997 -17.6360065529|7.43438026154 -1.36860916421 1.57814409455 -1.36860916421 6.61994242798 3.32668424683 1.57814409455 3.32668424683 6.00675409998|
|73|0.00237012542459|39.190818098 15.732723153 -9.84653874991|6.92004382183 -1.06061197172 0.169994233061 -1.06061197172 9.82229460709 6.10529088224 0.169994233061 6.10529088224 13.4586089306|
|74|0.0107298208359|37.2249496516 21.9673594519 -1.42591892518|5.81888514756 1.60397206901 1.59280269969 1.60397206901 4.57182110644 1.03413159728 1.59280269969 1.03413159728 4.76831158236|
|75|0.00232268995795|42.0851226215 11.7507763628 -15.0859589639|10.5721392596 -5.54164154182 -6.55091610871 -5.54164154182 15.5233903788 12.9999261607 -6.55091610871 12.9999261607 25.8917103205|
|76|0.00317408681346|39.5095670313 13.1955328857 -8.70571033597|2.91400906782 2.18426653949 1.25972946894 2.18426653949 13.8068513633 6.4609370214 1.25972946894 6.4609370214 12.7347554338|
|77|0.0033516095242|42.1318454086 10.6938532456 -30.5472510517|14.1302347652 -3.00795351132 -2.74896757521 -3.00795351132 8.30997479297 1.71625046459 -2.74896757521 1.71625046459 5.78028184069|
|78|0.0033130805052|44.8001237467 6.60302954555 -22.7602107074|9.92997837718 -1.48741031537 -1.96498881249 -1.48741031537 6.26514309219 1.49825188674 -1.96498881249 1.49825188674 16.7310499411|
|79|0.00283636884969|47.1972639772 4.23752028786 -23.0483496496|7.87515529118 -0.645464494206 -1.1160728774 -0.645464494206 6.44971318381 2.91339071924 -1.1160728774 2.91339071924 15.4343722667|
|80|0.00283557634131|33.3351075763 12.8712657712 -20.3080191255|16.1290429654 -3.09744011831 -6.03818631565 -3.09744011831 9.18885891516 -0.0719224477981 -6.03818631565 -0.0719224477981 6.69219195753|
|81|0.0034056509722|39.7225540503 12.0125835991 -26.5443072041|17.1998592326 -1.94761863269 -7.10256750077 -1.94761863269 6.0591927298 4.10874640437 -7.10256750077 4.10874640437 12.3801063601|
|82|0.00195939739402|30.5062424743 1.83760098703 -21.0484979152|12.8561670378 -3.8326118377 -5.20085680831 -3.8326118377 6.05131462003 3.92892220805 -5.20085680831 3.92892220805 11.4882539815|
|83|0.00344079694741|47.3052944019 5.20416846413 -30.9380705799|8.50380919 0.597100046013 -0.577723448686 0.597100046013 10.0534347109 -1.87709435612 -0.577723448686 -1.87709435612 5.8943682739|
|84|0.00351672972949|43.8970745191 8.02387474356 -27.5829367933|10.6042595849 -4.65042010822 -0.113041028794 -4.65042010822 11.881497548 1.2970515922 -0.113041028794 1.2970515922 9.57893397695|
|85|0.00154016800111|33.936655781 8.99603601667 -20.9945761313|22.7897879818 2.187592941 5.11160904123 2.187592941 9.0744175095 3.98196613139 5.11160904123 3.98196613139 7.70517196582|
|86|0.00239440266939|38.7887679073 20.574385085 -7.51062034924|6.5178473505 0.241899408803 1.30553292682 0.241899408803 3.57858163823 3.03077367894 1.30553292682 3.03077367894 12.3498543507|
|87|0.00454172970617|23.9670710716 10.4526334466 -17.0128980743|4.89798735428 1.28566438431 -1.16535337051 1.28566438431 11.1021462175 1.94664732666 -1.16535337051 1.94664732666 5.4163395614|
|88|0.00182927205649|43.8978605367 6.14888603977 -19.4315287411|8.97559109187 0.0107324773546 -1.88457999328 0.0107324773546 11.1727501411 7.43520697259 -1.88457999328 7.43520697259 18.3831912268|
|89|0.00262079304673|44.2713571521 3.78673410346 -24.0581629378|9.83907221167 5.34203184838 6.0364065118 5.34203184838 11.7498694129 5.57539915039 6.0364065118 5.57539915039 13.4590062221|
|90|0.00241263415944|31.4419966597 7.87380065524 -22.556810507|16.066604272 -1.45389688966 -4.16258276749 -1.45389688966 13.145023616 3.898950503 -4.16258276749 3.898950503 9.9238067757|
|91|0.00362769707568|45.3733496607 8.28933523262 -30.3206757028|11.4193531253 -1.67583281296 -0.736442789722 -1.67583281296 7.60390102784 -0.182018859358 -0.736442789722 -0.182018859358 6.419654576|
|92|0.00331394703925|42.9918679845 11.8779635519 -13.3591188156|11.3033672732 -6.01027697498 -7.3305270889 -6.01027697498 14.8288349145 9.67230259977 -7.3305270889 9.67230259977 19.8265553351|
|93|0.00269932134137|26.0070840579 8.97935550412 -19.9432641696|7.92763921774 0.0780796130302 -0.307806712911 0.0780796130302 8.66990166966 3.91412147443 -0.307806712911 3.91412147443 9.78759381659|
|94|0.00300084186741|37.1788809435 17.8816025142 -8.03521861769|6.46553330037 2.9686587791 2.74042508731 2.9686587791 5.19370450537 2.75017457548 2.74042508731 2.75017457548 9.98934102741|
|95|0.00774908074786|33.3293272422 -0.455378435467 -30.2221503081|9.51197015417 2.91701205705 -4.96859206921 2.91701205705 4.90663343569 -1.57599971176 -4.96859206921 -1.57599971176 7.82416190605|
|96|0.00277284677996|45.6353031689 5.5914317786 -20.5893324807|9.77899223759 1.87859148426 0.540947728321 1.87859148426 12.1106176614 5.4315126645 0.540947728321 5.4315126645 10.3831664896|
|97|0.00268076014417|29.7194088064 9.65369023642 -21.0823455396|15.7592529798 0.959525646251 -3.86534594657 0.959525646251 10.6155109022 2.00682737405 -3.86534594657 2.00682737405 9.42972227294|
|98|0.00216831218316|42.8288796833 11.356388768 -16.5533355837|11.9310841103 -6.61564609041 -7.87272079662 -6.61564609041 14.5206863771 13.8744416071 -7.87272079662 13.8744416071 28.427310792|
|99|0.00339208180399|42.0351703747 4.93788969637 -13.9973695323|7.64513951728 -1.19972552529 -3.73346584313 -1.19972552529 5.02949569044 0.726297624163 -3.73346584313 0.726297624163 6.81110318378|
|100|0.00351246556838|45.4795415476 6.30064940242 -20.1450688294|10.042106421 -1.58520197212 -3.72333981308 -1.58520197212 8.27362407779 5.6136697201 -3.72333981308 5.6136697201 19.1537072242|
|101|0.00181758183654|39.0837698686 0.928521300582 -26.3207140969|19.8432302203 1.53492188884 -1.46025153308 1.53492188884 7.09814813275 0.247524805902 -1.46025153308 0.247524805902 7.55901853942|
|102|0.00305590151208|42.418717599 13.4261288101 -13.3194767365|11.5321184682 -4.90670796516 -6.24130731399 -4.90670796516 10.7641752518 6.99159628794 -6.24130731399 6.99159628794 16.7234980022|
|103|0.00457050593092|35.954656716 0.95677668567 -27.6947270882|7.12418861659 -2.45874820787 -0.779052544985 -2.45874820787 4.63432969106 0.350336495943 -0.779052544985 0.350336495943 8.97885686778|
|104|0.00294836391374|40.2756561216 10.508738703 -27.2803768485|18.9186059473 -2.68233866597 -7.15647254089 -2.68233866597 7.44686239051 2.52200048132 -7.15647254089 2.52200048132 11.4388242519|
|105|0.00210156041327|42.9968391744 8.23645207849 -27.6242429087|13.3315947255 -4.52855399622 -1.82756023826 -4.52855399622 11.3773016283 0.686154523859 -1.82756023826 0.686154523859 9.46256904844|
|106|0.00127689608397|39.9660367853 8.95719009757 -20.2771975904|19.0511711064 0.299213254671 2.30763489132 0.299213254671 14.4544541237 7.53919784561 2.30763489132 7.53919784561 10.8488895297|
|107|0.00241316359052|32.2483504755 5.04769654166 -24.1255721423|15.4624664291 -6.13910532867 -3.7925318886 -6.13910532867 16.2951110012 5.04351472361 -3.7925318886 5.04351472361 8.06914386054|
|108|0.00664374031948|23.846951439 9.60182225544 -16.6450290159|8.85455849264 2.80490272893 2.43194441348 2.80490272893 4.97390020842 -1.04883423443 2.43194441348 -1.04883423443 6.4006753126|
|109|0.00339640887687|29.8887297548 11.4482452744 -18.5734574352|13.1254915698 -4.90453106169 -3.08724313003 -4.90453106169 8.21931466054 -1.2697024614 -3.08724313003 -1.2697024614 7.68457477418|
|110|0.0034806044311|35.4123179252 11.1823688365 -23.5786139822|21.0736807112 -0.135047866894 -11.4571941129 -0.135047866894 6.77194522832 0.995291335194 -11.4571941129 0.995291335194 16.164927702|
|111|0.00612630859995|31.8563309438 16.6151117882 -21.0631448069|7.42172104159 2.03682815596 1.62849870358 2.03682815596 4.45550824362 0.494719276804 1.62849870358 0.494719276804 3.36570009628|
|112|0.00337570899653|42.1462765288 15.5377198638 -9.03254494367|7.5575766474 -2.97108301037 -4.24123589492 -2.97108301037 8.55549639203 5.39128647492 -4.24123589492 5.39128647492 14.1049559878|
|113|0.00211484532584|37.4766791938 9.90432733928 -24.0667756196|25.7969734147 -3.29079872872 -12.0643268281 -3.29079872872 6.71635510613 0.968922643505 -12.0643268281 0.968922643505 15.6883376919|
|114|0.00259927325624|41.5394532193 -0.00569911590433 -23.358676228|17.2252487598 3.8623981718 2.63741203793 3.8623981718 6.29460243401 2.53047831962 2.63741203793 2.53047831962 3.61227344252|
|115|0.00330397460121|43.9815175708 9.10873241255 -14.0028291242|9.21636339151 -3.00292519239 -5.16672841863 -3.00292519239 13.6166172366 7.69360614889 -5.16672841863 7.69360614889 15.230055417|
|116|0.00194246236186|34.1226664252 3.13823162151 -25.5793762635|17.0527867715 -5.64763205058 -3.14087207874 -5.64763205058 13.4340474369 2.92821500478 -3.14087207874 2.92821500478 5.96837464854|
|117|0.00284425639583|33.1139311339 10.5314065397 -21.7603320563|17.5741310374 1.3071782622 -6.95595464375 1.3071782622 6.28168160293 0.959552808744 -6.95595464375 0.959552808744 11.9976980983|
|118|0.00427616633205|38.3421758416 -1.72337710217 -28.8370295104|15.2378954239 3.11580679732 -1.34761366991 3.11580679732 5.68290966154 -1.47217135673 -1.34761366991 -1.47217135673 5.03970311403|
|119|0.00346976862675|33.8585573343 0.331378602829 -24.141714077|17.8103921638 -5.49766124873 -4.51941567385 -5.49766124873 7.37871781318 1.79994121924 -4.51941567385 1.79994121924 9.38149506502|
|120|0.00363679371072|44.9377920349 8.41811189641 -16.1350814608|10.188919233 -3.60247836999 -6.87013895871 -3.60247836999 14.0271014648 11.1363323239 -6.87013895871 11.1363323239 22.7584657061|
|121|0.00563435483274|40.0320335544 16.9598422185 -4.72182177123|6.4347141211 -0.86140094731 -0.126664359984 -0.86140094731 7.33393827083 -2.05320894753 -0.126664359984 -2.05320894753 5.79619589426|
|122|0.0031583453536|32.3414747427 11.6188137423 -20.5137823883|15.9247620028 -1.21030455368 -4.5237647847 -1.21030455368 9.16422477574 -0.217544322745 -4.5237647847 -0.217544322745 7.61193422527|
|123|0.00155705078493|34.3121339111 8.58556197444 -23.0984951898|24.3609325255 -1.51919186106 -6.04965942619 -1.51919186106 12.0234992166 3.29308035723 -6.04965942619 3.29308035723 10.1130835277|
|124|0.00226414964375|40.5988217456 13.6413722292 -12.8855609826|8.57535061256 -3.26633426572 -3.38422172239 -3.26633426572 11.0773499977 8.51186575044 -3.38422172239 8.51186575044 19.6415939124|
|125|0.00952821696747|43.6412158907 12.314372743 -4.24100376348|5.67541747528 -0.377212278201 -1.99145641096 -0.377212278201 4.0468969153 0.938614177059 -1.99145641096 0.938614177059 7.20151209172|
|126|0.00375097300937|45.9880931694 5.34330390305 -23.1331815033|9.0993083079 -1.01898128884 -2.29589719106 -1.01898128884 6.65705848091 0.821071209595 -2.29589719106 0.821071209595 16.5090525809|
|127|0.00410392758028|44.4068309216 12.8190022029 -12.8882331955|9.59912993678 -3.69931812194 -5.56679512418 -3.69931812194 11.0177166171 3.33879594222 -5.56679512418 3.33879594222 10.8121060599|
|128|0.00236723294064|43.3302233835 6.98576454161 -16.5127819595|7.8131961588 -1.32821651013 -3.19540025181 -1.32821651013 10.429256364 9.29369925791 -3.19540025181 9.29369925791 21.7265969043|
|129|0.00078130019098|30.1056709605 6.4638431019 -20.3186141417|14.5391606104 -0.701282640198 -3.0925195681 -0.701282640198 8.65931793808 1.85506156226 -3.0925195681 1.85506156226 10.4610701169|
|130|0.00284883770274|44.1048484303 8.2120320301 -16.8740823955|9.51621004097 -2.34472833478 -4.59278064227 -2.34472833478 14.5311896824 10.3368748478 -4.59278064227 10.3368748478 21.8353290082|
|131|0.00422661746248|45.90061502 5.66401544934 -15.8631210371|8.68490746591 -0.0346424733633 -2.21988676868 -0.0346424733633 6.78819329528 0.93481637932 -2.21988676868 0.93481637932 5.91657435776|
|132|0.00107598758811|40.9690449313 9.38539072753 -18.0316822736|10.0435717083 -2.05904675122 0.335461367376 -2.05904675122 17.21094908 11.7775645418 0.335461367376 11.7775645418 21.684754649|
|133|0.00256358851761|32.2121442237 1.67950707411 -22.9821852173|21.8093056651 -6.26544422574 -6.27014413245 -6.26544422574 6.90322026886 2.00198391927 -6.27014413245 2.00198391927 9.47702846934|
|134|0.00470878281222|25.0206772759 4.24069474415 -24.1981241167|1.91313373819 -1.23602045475 0.676109142289 -1.23602045475 4.65888334697 0.219815300227 0.676109142289 0.219815300227 5.63255794168|
|135|0.0135978994512|51.4574487123 7.32523885156 -32.6424033582|3.60802190658 -0.802528818345 1.06314902436 -0.802528818345 8.16207052901 -1.73354302882 1.06314902436 -1.73354302882 5.73525702964|
|136|0.00107790475771|38.3725570084 13.4189753954 -15.19298074|7.55989988092 0.669814025992 6.24972329195 0.669814025992 11.7684245828 9.00241821806 6.24972329195 9.00241821806 21.2024046429|
|137|0.00217979149636|35.1091026287 -1.22095475049 -24.6896426947|13.6161065252 -1.33297042008 -0.0432114567581 -1.33297042008 7.15312737098 2.22597141757 -0.0432114567581 2.22597141757 5.97956631306|
|138|0.0031837496041|41.8563526328 11.5011045269 -29.6702460844|12.8240690745 -2.41043801423 -2.55194397894 -2.41043801423 7.59172993098 2.41484297728 -2.55194397894 2.41484297728 7.52325281492|
|139|0.00143565922859|33.6065388635 7.06665270679 -22.5304310159|24.0593574273 -3.7141084944 -1.62239154212 -3.7141084944 13.8219197842 5.03086013185 -1.62239154212 5.03086013185 8.89751158055|
|140|0.00658727303227|36.6959411513 21.2638611282 -4.95598946009|2.94737617884 0.740928932237 2.31776289753 0.740928932237 5.29907309806 0.470010296402 2.31776289753 0.470010296402 6.93156272235|
|141|0.00317036814468|39.713025742 18.5012941225 -7.42118577659|6.96366012918 -0.0681741043888 0.976415821683 -0.0681741043888 6.89927964547 4.12215100203 0.976415821683 4.12215100203 10.9326178928|
|142|0.00393389947506|25.7358065003 8.17160577093 -17.2558888277|7.91718151052 1.47231610691 1.34805893343 1.47231610691 9.04915048242 1.18989354218 1.34805893343 1.18989354218 5.41734782591|
|143|0.00358769367489|45.281378444 8.24676671865 -30.9976109118|11.0627440347 -0.883873322959 -0.248414827362 -0.883873322959 6.49222334068 -0.180264696155 -0.248414827362 -0.180264696155 5.52933994776|
|144|0.00227490846858|29.6004387241 9.60969981667 -20.0207025194|15.7599689038 1.73354848046 -3.09126471409 1.73354848046 9.2518662312 0.545641671328 -3.09126471409 0.545641671328 8.79092357749|
|145|0.00114705723133|38.6884837761 5.1976810906 -23.5478510442|21.7993210672 -0.809181594951 -0.553473337029 -0.809181594951 14.4270985605 6.07944342315 -0.553473337029 6.07944342315 11.11560969|
|146|0.00263848928964|42.8194216292 8.04329531206 -24.6102007719|12.9420235189 -4.74903268184 -0.95406412104 -4.74903268184 8.7430802295 1.31408879384 -0.95406412104 1.31408879384 14.8098670127|
|147|0.00205745465854|36.9660432689 10.5421811816 -23.5577597925|23.9178198503 -0.54789478797 -12.236984994 -0.54789478797 5.92911498458 -0.507407525746 -12.236984994 -0.507407525746 15.3370612939|
|148|0.0024837510708|29.637132011 6.83602223006 -21.6540848732|13.8587316248 -4.81929958164 -4.31962942576 -4.81929958164 14.1229740419 5.46369273042 -4.31962942576 5.46369273042 11.4274521597|
|149|0.00471171732971|37.1413635761 22.3489504914 -5.16838956055|4.86143754827 0.920917872854 1.84954222262 0.920917872854 3.22028035496 2.20997410945 1.84954222262 2.20997410945 9.04651493135|
|150|0.00158362114273|33.9088816983 7.21582617135 -25.3429807088|18.5982736092 -2.33384117059 -6.05346065289 -2.33384117059 15.8194663782 3.95088248711 -6.05346065289 3.95088248711 7.25551837127|
|151|0.00348335941412|38.3189853755 11.1981710639 -26.1265624031|20.5692582993 -0.820056898295 -9.53677352187 -0.820056898295 6.50003841954 2.84854644819 -9.53677352187 2.84854644819 13.3702824326|
|152|0.00198382809587|36.9880542392 9.80423466952 -24.6838902534|24.8032381066 -2.49637711395 -11.4361404136 -2.49637711395 9.12595285399 2.2939438044 -11.4361404136 2.2939438044 14.3305122625|
|153|0.00132489073181|42.3043704479 2.74261821794 -26.4838524207|12.3357234642 3.2473450639 1.13480110833 3.2473450639 10.0878697253 0.914746898448 1.13480110833 0.914746898448 8.54988472121|
|154|0.00253163699073|44.2232173057 7.97159584189 -19.4839828597|10.4268686987 -3.33687504314 -4.75292101577 -3.33687504314 11.6877097385 8.68663066041 -4.75292101577 8.68663066041 22.8635107759|
|155|0.00255140996535|36.2875486735 12.1571300161 -24.4225126194|23.7346653947 -3.0141868061 -11.106388064 -3.0141868061 7.09009553176 3.3388678991 -11.106388064 3.3388678991 13.9031106529|
|156|0.00255572204473|32.6625939717 2.05124605421 -24.9520747348|19.4965693457 -5.72434114836 -5.0683984624 -5.72434114836 8.19042785202 2.37831354029 -5.0683984624 2.37831354029 8.78647385069|
|157|0.00247378778913|45.2281048296 5.01638285217 -24.1740605447|7.52978134524 -0.125152097394 1.24219588898 -0.125152097394 6.48954058794 -1.51876166441 1.24219588898 -1.51876166441 16.5424327593|
|158|0.00304789363178|41.8272338929 12.1973838206 -11.9001999924|8.61933687723 -4.11009474452 -3.87052613393 -4.11009474452 15.9458325386 10.2699561992 -3.87052613393 10.2699561992 18.6378419786|
|159|0.0031823748089|46.5300435145 7.77304539828 -18.4458544536|9.1287764223 -4.37879089521 -6.66740794524 -4.37879089521 10.827348215 9.28640351916 -6.66740794524 9.28640351916 22.4107518538|
|160|0.0018624018875|43.8461124621 10.9176700547 -17.0473461226|11.912746624 -7.00867339836 -7.92496856531 -7.00867339836 14.6902103555 14.1113459475 -7.92496856531 14.1113459475 27.766637064|
|161|0.00696814491329|37.7845739918 14.3879222557 -28.0386265205|9.55599121304 2.21423531452 -0.241809392328 2.21423531452 5.36759034275 -0.775699495526 -0.241809392328 -0.775699495526 4.98881108498|
|162|0.0030503510411|43.6597141927 10.1461368922 -15.8073091794|11.0245487452 -5.38836272409 -7.21079417887 -5.38836272409 16.2372155196 13.0579868854 -7.21079417887 13.0579868854 25.5850666396|
|163|0.00705024107106|25.0282073197 14.2616766658 -15.0998132738|6.08718698527 -0.871148884702 -1.41565433487 -0.871148884702 7.00879463291 0.579742051016 -1.41565433487 0.579742051016 2.75609611577|
|164|0.00354766451219|43.0091861462 11.0551837701 -31.0431470313|15.2055155238 -3.83975498707 -1.35439019032 -3.83975498707 7.84598645034 1.02507023289 -1.35439019032 1.02507023289 4.21722612951|
|165|0.00250093287075|37.7586709015 0.00360530102974 -27.4004497355|16.4234773589 1.45721889031 -1.31254741913 1.45721889031 6.36655221939 -0.600922180111 -1.31254741913 -0.600922180111 7.01704551263|
|166|0.00277493397341|39.629770305 11.9868412919 -27.973139968|14.1742630078 -0.535470205835 -4.21996247127 -0.535470205835 5.78196380589 2.07659374387 -4.21996247127 2.07659374387 9.57637690028|
|167|0.00356367835605|40.5340177102 15.8109591791 -8.68223070873|7.90599355549 -1.45164144515 -0.390110292007 -1.45164144515 10.6833699651 6.10421220206 -0.390110292007 6.10421220206 12.6270377769|
|168|0.00201699570351|32.7506769544 6.47201652569 -23.5978610237|18.3110173181 -4.60450820264 -4.1737537065 -4.60450820264 16.9248742693 5.50300078568 -4.1737537065 5.50300078568 9.06618160419|
|169|0.00165406277971|40.1445642348 9.25824018699 -23.8923667089|17.7339368155 -4.83766783674 -4.09813202389 -4.83766783674 8.06837636674 -0.11917463439 -4.09813202389 -0.11917463439 12.4720448876|
|170|0.00359036337291|45.5276582078 5.67801133867 -18.4434565271|10.3850429398 -1.48815041973 -4.47878840491 -1.48815041973 7.79574538151 5.31965757112 -4.47878840491 5.31965757112 15.9222111425|
|171|0.00346901407154|44.6253657357 6.81021987961 -15.7353798738|9.6990507199 -1.61859710391 -4.0240006447 -1.61859710391 9.05413983799 5.44953467921 -4.0240006447 5.44953467921 12.9751554302|
|172|0.00325244395183|46.614913825 3.79405243235 -21.5847466664|10.1548488743 5.96820194842 3.96632120414 5.96820194842 17.8555591212 7.85324712961 3.96632120414 7.85324712961 6.43210072389|
|173|0.00208318684305|28.7244500533 11.9040351804 -19.7773708357|17.8832592851 1.23983583685 1.62249096349 1.23983583685 9.0933276292 -1.44011527717 1.62249096349 -1.44011527717 4.22951353511|
|174|0.00346804544169|34.5176378681 -1.75495412953 -25.4183405425|10.4244273064 1.18152270762 1.71070271064 1.18152270762 5.69593955891 1.10656839234 1.71070271064 1.10656839234 5.11471914968|
|175|0.00823602127436|39.3670460886 22.924777056 -6.65342590189|5.94304696006 -0.989310235106 0.771252980001 -0.989310235106 2.93125452943 0.356560153302 0.771252980001 0.356560153302 7.93578528772|
|176|0.00267933324875|31.4797862847 6.05380789966 -23.3462086806|14.1314625502 -5.15416029835 -4.99389291861 -5.15416029835 16.3580972009 5.97531073741 -4.99389291861 5.97531073741 10.4847539986|
|177|0.00194200603424|40.8324051144 10.5340356053 -25.8094581547|15.3875323101 -4.7008258563 -4.21836290226 -4.7008258563 8.9926078719 3.52485545954 -4.21836290226 3.52485545954 12.5536954504|
|178|0.00212181041978|33.6893222344 3.52042273895 -24.9434423492|18.0687574144 -6.53742439866 -1.98681266566 -6.53742439866 13.6332547781 3.124665737 -1.98681266566 3.124665737 5.99232944657|
|179|0.00444222576287|27.635263455 6.07893627872 -13.7794039962|2.93746507353 0.0674992696227 -0.898754236384 0.0674992696227 3.78476147676 1.36167760615 -0.898754236384 1.36167760615 6.37259396203|
|180|0.0031531561698|41.1222701901 9.02241777224 -11.2398143634|6.08898750189 1.66711248469 -0.159493636412 1.66711248469 7.38650176224 4.13635426557 -0.159493636412 4.13635426557 10.7699158745|
|181|0.00160750666954|40.9200044638 13.2962766976 -15.6926607746|9.55343195952 -3.6040223106 -3.86921131333 -3.6040223106 9.47828676538 10.5002295237 -3.86921131333 10.5002295237 26.2898446514|
|182|0.00387758958819|37.7513089853 -2.14862395689 -26.3489767462|15.1609608771 0.597634968566 0.569671861198 0.597634968566 5.26644839408 0.476508197462 0.569671861198 0.476508197462 6.70228977542|
|183|0.00320612818175|25.4126786213 6.39466917182 -20.1071097265|5.45541420083 1.17021522371 2.60986926682 1.17021522371 5.55606948832 1.99590138507 2.60986926682 1.99590138507 10.8475375107|
|184|0.00326405701349|44.2042472425 6.40917198746 -24.3654034657|8.64229546633 -1.58710189925 -1.4182385997 -1.58710189925 5.65184750476 -0.559840602102 -1.4182385997 -0.559840602102 17.1216790854|
|185|0.00365449897406|43.8913151761 10.0097191995 -31.4618460479|15.3680841872 -3.11847654777 -1.75646961645 -3.11847654777 7.61971857145 0.692231784189 -1.75646961645 0.692231784189 4.18482284117|
|186|0.00436932354329|21.6655325095 12.1190178858 -21.8461966617|7.26478963443 1.18335136145 -0.166381597329 1.18335136145 3.95105777845 -1.36347333217 -0.166381597329 -1.36347333217 5.2637938942|
|187|0.00258406543169|35.0836106586 10.27415427 -23.669926242|21.9561690997 0.788907114713 -9.75055453099 0.788907114713 7.8430131063 1.43231894433 -9.75055453099 1.43231894433 13.4995649304|
|188|0.00372211619325|44.6723772919 9.02589495374 -14.6896190819|9.78379142401 -3.36345860504 -6.36490024577 -3.36345860504 13.8109844968 8.62954685486 -6.36490024577 8.62954685486 17.549728784|
|189|0.00325622489708|43.3150844601 7.81339310358 -26.1968023628|12.2794638125 -4.80120167134 0.229053185314 -4.80120167134 8.96103569874 1.29002836417 0.229053185314 1.29002836417 11.512804194|
|190|0.00469749499986|20.7158783915 11.1370398168 -20.0547666508|4.51387493873 -0.666143938596 2.11756175864 -0.666143938596 5.11984552083 0.132703838223 2.11756175864 0.132703838223 7.36413721971|
|191|0.00324218686939|35.4657625054 11.158850728 -21.9131843788|21.5479775653 0.844322559216 -12.814574544 0.844322559216 6.53223695598 -0.743547302458 -12.814574544 -0.743547302458 13.9209200106|
|192|0.00178023815165|44.1746466466 6.0699013568 -22.2361907279|8.81068888447 0.500133779239 0.698710400351 0.500133779239 10.4570634843 4.87756747539 0.698710400351 4.87756747539 14.5311712575|
|193|0.00308373744096|44.2817727328 1.93123828477 -23.4854581847|8.7108826854 5.77811601691 7.44626707193 5.77811601691 9.78723146232 2.17843547065 7.44626707193 2.17843547065 15.3780828873|
|194|0.00838219617146|40.5503995992 -4.84203610344 -27.9622382189|7.58923873787 -0.100420476354 -0.091323316572 -0.100420476354 4.16791229439 -0.168220603762 -0.091323316572 -0.168220603762 5.26001775361|
|195|0.00201551413714|39.556343884 15.8390365479 -11.2879582481|7.36001084609 -0.900980251406 -1.07623153411 -0.900980251406 7.72338437032 8.4677022826 -1.07623153411 8.4677022826 17.4187928126|
|196|0.0029690106288|39.7547686359 4.43651696234 -12.1332244391|4.539588996 -0.655079109467 0.343689056506 -0.655079109467 3.05195168491 0.666418431221 0.343689056506 0.666418431221 3.89232736102|
|197|0.00331063630179|42.9886904422 13.4207646765 -8.44038152923|7.76007427733 0.209246759967 -1.71488591902 0.209246759967 5.49551850614 1.93993632301 -1.71488591902 1.93993632301 10.2368064709|
|198|0.00332847278273|37.9309017089 10.8678519853 -25.0725107566|22.9744233968 -1.16804779668 -11.4792732577 -1.16804779668 6.66329162418 1.6609637537 -11.4792732577 1.6609637537 15.3817832308|
|199|0.00222654130137|43.209501186 9.31456429538 -17.8058386321|9.91142359846 -3.92877336055 -5.04322509522 -3.92877336055 15.5358248079 11.5720840514 -5.04322509522 11.5720840514 24.6473026078|
|200|0.00739755380608|48.1241658172 5.86165637779 -32.9943255995|9.06947304498 0.256810328229 0.0394118968652 0.256810328229 9.37204090692 -1.19477772531 0.0394118968652 -1.19477772531 3.48224118267|
|201|0.00280939448232|30.9090824078 8.49990737366 -22.437455992|16.1388797209 -0.637798016538 -4.50027762712 -0.637798016538 12.2626278828 3.44981838027 -4.50027762712 3.44981838027 9.8010998737|
|202|0.00144306173045|31.578639847 5.7411630281 -22.3440948756|15.5774124252 -5.15519499672 -5.26287290143 -5.15519499672 14.3961410595 5.87833841966 -5.26287290143 5.87833841966 11.9141393759|
|203|0.00225254411941|30.2280677799 6.28997042772 -23.5079048431|14.4133613947 -6.39818267021 -5.45562205987 -6.39818267021 16.9194493327 6.30910109096 -5.45562205987 6.30910109096 9.48606056284|
|204|0.00316166129634|35.7899459212 10.7938264677 -24.3176644364|22.238469977 1.07492140564 -11.0438770042 1.07492140564 6.46154818641 1.59901855482 -11.0438770042 1.59901855482 14.8720695917|
|205|0.00433731114215|31.4692069011 0.597415770414 -21.6486935788|22.3515003783 -6.5212377735 -4.82050732366 -6.5212377735 5.4709199543 2.16201121279 -4.82050732366 2.16201121279 6.79271191614|
|206|0.00658416382823|40.3128800661 -3.54322725065 -24.5019464254|8.34167470083 0.354158267846 -0.221974793119 0.354158267846 4.19575993589 1.14073963846 -0.221974793119 1.14073963846 6.82829847269|
|207|0.00767518162836|43.4882439843 -4.15493236879 -27.1389998885|2.22703561481 -0.147066736013 0.0428032811442 -0.147066736013 6.19338463753 -1.32022333851 0.0428032811442 -1.32022333851 6.43832588751|
|208|0.00293182082257|44.2869722061 9.40477627966 -17.1769691574|11.0991486483 -5.17315246135 -7.20930952047 -5.17315246135 14.2395361517 12.6310495478 -7.20930952047 12.6310495478 26.9231673003|
|209|0.00506812432198|42.3508138409 12.3506210039 -5.45000719862|6.71300068629 -0.190046126583 -1.22430826018 -0.190046126583 4.8771884903 1.25899840041 -1.22430826018 1.25899840041 7.18128135484|
|210|0.00316650038132|32.1368320394 12.6913074636 -20.8479980142|17.3438255354 -2.57838659813 -3.92046560658 -2.57838659813 8.6062894564 0.537347517348 -3.92046560658 0.537347517348 6.45897845311|
|211|0.0041703723292|41.1391795632 15.9696367534 -6.18432724968|6.51003229338 -1.34574332717 -2.45596239933 -1.34574332717 9.42176549584 1.98588724183 -2.45596239933 1.98588724183 7.90884916002|
|212|0.00203736187051|36.6319494846 18.0728721306 -9.64817685938|4.34002759937 1.32761370762 1.18884406375 1.32761370762 5.99611344809 3.44523128194 1.18884406375 3.44523128194 11.7446925471|
|213|0.00365461060315|26.5600722681 13.6546064659 -20.3754702318|2.09615512361 0.410180243752 -0.777923821159 0.410180243752 11.5198251611 2.62916017292 -0.777923821159 2.62916017292 4.59337024362|
|214|0.00405556436052|46.9122196208 5.50680344031 -21.9989512255|8.53163362887 -1.79737478088 -1.53538117001 -1.79737478088 7.52290615243 4.69539849983 -1.53538117001 4.69539849983 15.836160997|
|215|0.00302349063606|39.0551849416 17.4135695886 -8.49247993813|7.20170880463 0.286708795537 1.08095993085 0.286708795537 8.1372556056 5.50350132276 1.08095993085 5.50350132276 11.9284953233|
|216|0.00252996227971|39.8192218405 0.710857995505 -28.28633295|18.3968317591 3.23575484522 -0.817647671631 3.23575484522 6.75023800099 -1.11041204735 -0.817647671631 -1.11041204735 6.16447951762|
|217|0.00342595319773|44.7404026658 10.5879045149 -15.2303825125|11.0244993707 -6.49845163336 -8.55845299794 -6.49845163336 15.3441603516 12.1254904676 -8.55845299794 12.1254904676 22.968162056|
|218|0.00255778602448|44.994667589 8.0767160157 -20.9694326632|10.5974060978 -4.30850331824 -3.63306455153 -4.30850331824 10.0895247424 7.41193832693 -3.63306455153 7.41193832693 20.2031126595|
|219|0.00423279492073|43.0888529829 11.1456770913 -7.44372386105|6.10733217109 1.45589588349 -0.400460140261 1.45589588349 4.99307222349 0.984910915838 -0.400460140261 0.984910915838 8.23974996612|
|220|0.00169337203541|33.5645017032 10.3858309583 -21.2903289574|20.876676217 6.57547064628 6.45954234799 6.57547064628 9.29001777827 6.05299493383 6.45954234799 6.05299493383 8.87558961952|
|221|0.00153235803069|31.1108130543 8.85698195741 -21.1684440437|17.8555661742 1.61017117067 -1.90996252702 1.61017117067 5.26284441587 1.08071497178 -1.90996252702 1.08071497178 9.34037022529|
|222|0.00885150040656|38.3056739175 -1.23536676668 -30.9817427747|5.81157172994 -2.60759785177 0.658037505539 -2.60759785177 6.02330136823 -1.23412958663 0.658037505539 -1.23412958663 4.77559415385|
|223|0.00368714879091|40.0932076048 11.3915837127 -27.1108664043|17.1726204082 -1.97307535609 -6.99120447666 -1.97307535609 6.83637227512 3.62845271566 -6.99120447666 3.62845271566 11.9153434503|
|224|0.00263123915964|42.8427977401 10.0147296642 -13.9341562891|8.50297430616 -3.6587358439 -4.6824924995 -3.6587358439 16.539304937 10.9592376235 -4.6824924995 10.9592376235 20.2071864209|
|225|0.0082639155807|49.8981683516 2.13175215737 -30.735200143|5.1853705096 -0.409044676126 1.36553401935 -0.409044676126 4.92832686864 -2.17359519393 1.36553401935 -2.17359519393 6.61306980411|
|226|0.00189067163911|38.4019874641 15.1581260721 -14.4411781011|7.30652958265 -1.35411170916 3.4271585397 -1.35411170916 6.5413001388 6.86372354955 3.4271585397 6.86372354955 20.5862996814|
|227|0.00254828743597|32.5914908946 9.15797996734 -23.027644104|18.2194993134 1.13062484971 -4.5065786683 1.13062484971 10.9511885284 2.66815095299 -4.5065786683 2.66815095299 9.36133237888|
|228|0.0012578881086|36.9417960231 6.1175221528 -22.236102106|24.7045240521 -1.41929895744 1.53124369795 -1.41929895744 15.2457929327 6.78937457669 1.53124369795 6.78937457669 9.6839614059|
|229|0.00361608962681|25.8391977749 10.6403551146 -17.6768902692|6.82690078576 -0.121340839493 0.649311990028 -0.121340839493 10.5161732443 0.229495948969 0.649311990028 0.229495948969 7.17032187451|
|230|0.00388780924947|46.0767797611 5.80034277055 -27.8894149456|8.89567029865 -2.92587654775 0.93466229276 -2.92587654775 8.38777098269 0.189887922364 0.93466229276 0.189887922364 9.75232457732|
|231|0.00124961973495|37.8006222439 5.1151988962 -27.1367508247|22.8302269835 -0.765044378977 -6.58726695068 -0.765044378977 15.0688240341 0.791680272307 -6.58726695068 0.791680272307 5.98907104962|
|232|0.00338587074598|46.8362058819 5.11282573487 -27.9918029399|7.82448655212 -1.5456320521 -0.414680811034 -1.5456320521 8.42303128309 -0.34508046914 -0.414680811034 -0.34508046914 8.53177936432|
|233|0.0036353817525|39.4057677462 17.5897518021 -5.18232212332|7.3101461478 -1.84606801194 -0.727584170504 -1.84606801194 7.64859197358 -1.22708280676 -0.727584170504 -1.22708280676 6.02108570521|
|234|0.0021746904418|32.8031154106 6.40705733877 -24.5537819135|14.6186014338 -3.59059676879 -3.96074031603 -3.59059676879 17.8762552986 4.92196183747 -3.96074031603 4.92196183747 7.47195611124|
|235|0.002975390328|31.3139429161 2.24924781847 -23.6692719292|19.6411158094 -4.5864118384 -7.09799912024 -4.5864118384 6.00497672555 2.31856150606 -7.09799912024 2.31856150606 11.5255072548|
|236|0.00240860481139|36.6726099993 11.8997088429 -25.9260753137|16.2332865899 -2.76511930437 -8.56817785273 -2.76511930437 6.77630885576 3.53042312145 -8.56817785273 3.53042312145 13.5940221586|
|237|0.0036208870792|33.781932396 11.15447016 -21.6437203656|16.7616461947 0.288437219039 -8.91505911813 0.288437219039 7.30335122477 0.0687522496351 -8.91505911813 0.0687522496351 13.315303863|
|238|0.00630154769434|41.1828051094 20.2229556052 -5.73005365309|1.79887391364 -0.312122997523 0.566525414013 -0.312122997523 5.91499682455 2.91279286427 0.566525414013 2.91279286427 10.9930385934|
|239|0.00324795555358|43.9650674235 9.44656664114 -28.3935007873|9.30438494254 -4.08388015304 -1.5598856546 -4.08388015304 11.9656341703 1.84626371236 -1.5598856546 1.84626371236 8.91438996122|
|240|0.0019344456784|42.2585761312 10.9265456262 -17.2556822096|10.6579405928 -5.44872400677 -6.32494902026 -5.44872400677 14.6391656948 13.1301251132 -6.32494902026 13.1301251132 28.4677378161|
|241|0.00344503968468|41.950817325 13.8602456459 -11.0696763512|9.56184616255 -3.5854612008 -4.61431422363 -3.5854612008 10.8834058872 6.8861529781 -4.61431422363 6.8861529781 17.6342471686|
|242|0.00317331186829|40.2886359414 14.8608371434 -9.46933649526|7.79654489876 -1.85839298093 -0.349922176042 -1.85839298093 11.5955637179 6.39266472814 -0.349922176042 6.39266472814 13.4899586788|
|243|0.0024455851122|31.2960359159 3.9976341485 -22.503384765|12.6386397975 -4.60959477875 -5.60751750062 -4.60959477875 12.4897975983 6.17198735012 -5.60751750062 6.17198735012 13.6281771851|
|244|0.00161076551993|34.9186511346 9.08278725685 -21.1031957589|25.9747333682 1.96502166694 5.45706980704 1.96502166694 11.061356344 5.14630837919 5.45706980704 5.14630837919 7.88390632848|
|245|0.00175240587462|43.6420386196 5.13328155438 -21.9231483583|11.1106912589 2.83602498613 1.55771281594 2.83602498613 13.7712204351 7.14063867117 1.55771281594 7.14063867117 12.6899253677|
|246|0.0017039415425|41.4512340208 9.45400181762 -13.6031944652|6.62977046627 -3.51028013344 -4.00829235284 -3.51028013344 15.4985922533 12.2053435813 -4.00829235284 12.2053435813 21.8224654703|
|247|0.00376594619258|33.8818804318 0.339800646959 -22.6593354995|19.6387132503 -6.34253673039 -4.07101465984 -6.34253673039 7.34233963976 1.30876547491 -4.07101465984 1.30876547491 6.28176367975|
|248|0.00162618841372|28.0906718096 8.93039198963 -18.5942222444|12.3329675341 1.00261301437 -1.63880186408 1.00261301437 7.32580956017 0.277556112164 -1.63880186408 0.277556112164 7.91837544806|
|249|0.0020906997796|42.5319120628 9.86473539209 -16.2653995275|8.93124782686 -4.10640519587 -5.05564113101 -4.10640519587 17.3132875247 12.8931706567 -5.05564113101 12.8931706567 25.6581916878|
|250|0.00378356852931|25.0353899174 3.32489877034 -21.5413899835|6.1929679605 0.243168372934 2.11004863402 0.243168372934 2.25587439859 0.536143423802 2.11004863402 0.536143423802 10.0370611601|
|251|0.00878514590266|37.7534129733 15.0854729812 -29.9273361404|7.77778873389 1.10802261469 -0.785459037304 1.10802261469 4.81350533399 0.3491311953 -0.785459037304 0.3491311953 4.80760252411|
|252|0.0032926927984|42.9233533778 10.7943238186 -12.4504303181|8.93133222822 -4.35378857033 -5.52583396568 -4.35378857033 16.6750690716 11.2162111088 -5.52583396568 11.2162111088 18.9965101283|
|253|0.003958805391|45.4051094036 6.72009504891 -24.6827686272|9.33492213012 -1.1270607865 0.912967267859 -1.1270607865 5.12831919944 0.485097184573 0.912967267859 0.485097184573 15.6698432287|
|254|0.00305429702892|31.364333324 9.8740468053 -21.8375711928|16.8942013902 2.07095860253 -4.14125072681 2.07095860253 9.75932247154 1.86411555309 -4.14125072681 1.86411555309 9.80487800172|
|255|0.00157578380817|42.4882722849 8.71367671844 -21.1958015144|12.0284615421 -4.36747557213 -2.4096325255 -4.36747557213 11.6214803384 5.89568003354 -2.4096325255 5.89568003354 20.1152529464|
|256|0.00218126599821|40.5418594671 12.6566162266 -11.7953379061|7.57732643527 -3.33265175736 -1.8943777755 -3.33265175736 15.2747495918 9.56866250315 -1.8943777755 9.56866250315 17.4721597763|
|257|0.00218572637285|44.1906610617 5.6146970983 -17.3153914305|9.88373635761 -1.93462793169 -3.67781199031 -1.93462793169 7.44840609528 6.36382359993 -3.67781199031 6.36382359993 15.8948943305|
|258|0.00294569378666|35.6888155458 -0.874676003863 -25.0592142912|14.7559868886 -1.87112220445 0.128556338588 -1.87112220445 7.61745134578 1.87295512699 0.128556338588 1.87295512699 6.13372566507|
|259|0.00352067805817|25.7375222695 10.8983930508 -17.701919325|7.24274593149 0.891786640425 1.37380984541 0.891786640425 5.89728177613 -1.51565625458 1.37380984541 -1.51565625458 7.21602258145|
|260|0.00276030084786|43.1319418484 10.3735761141 -11.9255480395|7.80761574592 -2.39060606574 -3.61991607896 -2.39060606574 14.8094685831 11.4975296349 -3.61991607896 11.4975296349 18.6799439321|
|261|0.00881100110347|25.1011506969 8.94965587463 -12.8896666763|6.91880458667 -2.14820275758 0.748199887323 -2.14820275758 4.97161396364 -0.258669129609 0.748199887323 -0.258669129609 3.59689919731|
|262|0.00877232386805|19.5817040862 2.78981958128 -16.3300202098|3.72069426072 -0.282121355633 0.648093112814 -0.282121355633 4.09429153339 0.164126167897 0.648093112814 0.164126167897 4.62706889322|
|263|0.00146634652714|42.6514220446 7.78757080695 -18.6995213118|8.79462346524 -1.5584038293 -2.2360728521 -1.5584038293 15.3775933569 9.87106130799 -2.2360728521 9.87106130799 20.3329836347|
|264|0.00353456724971|42.5689743756 10.3213871058 -28.9912161944|14.0181060127 -3.3730688963 -3.0734765481 -3.3730688963 8.8850036842 2.23078600998 -3.0734765481 2.23078600998 8.61051332199|
|265|0.00437359809553|22.6043156384 12.2495802947 -17.7128079793|6.41663162443 2.38854460734 3.34639293014 2.38854460734 7.04947439649 1.22084602086 3.34639293014 1.22084602086 4.63898556131|
|266|0.00160045190108|36.6444456767 1.67107880385 -24.76703166|18.4760130556 -2.5981941105 -0.136482820659 -2.5981941105 10.4589672843 2.67524894152 -0.136482820659 2.67524894152 6.48589396229|
|267|0.00227990853321|27.6494444263 6.31688863506 -19.9934988268|11.2776886383 -3.11831374121 -0.71964345357 -3.11831374121 9.49876519082 2.74802468841 -0.71964345357 2.74802468841 10.368723447|
|268|0.00560730042652|31.1551110635 -3.40511661889 -26.8894115744|3.06960875697 1.06219765966 0.691529529184 1.06219765966 4.41407864044 0.497579554328 0.691529529184 0.497579554328 4.3616438225|
|269|0.00288560033278|39.9694411965 10.1312979899 -25.9965578856|20.8001830675 -3.65167521273 -8.017965807 -3.65167521273 7.57117498747 1.71035529644 -8.017965807 1.71035529644 13.2221796018|
|270|0.00504068315132|38.1758202411 -3.71786008556 -22.8002410229|8.35099939467 -2.06328078833 -3.16786357126 -2.06328078833 5.28076486023 1.10554305416 -3.16786357126 1.10554305416 4.43313772922|
|271|0.00198314256367|42.623153049 13.314090114 -14.7333096132|11.8779406047 -5.5660543061 -6.91688010329 -5.5660543061 10.9270309928 9.05631400266 -6.91688010329 9.05631400266 17.8830289828|
|272|0.00294461958734|36.410678606 -0.56539014842 -26.1323785063|14.5126722881 -0.948542260926 -0.840863531065 -0.948542260926 7.13391168996 0.749265318189 -0.840863531065 0.749265318189 6.95332117052|
|273|0.00232926198272|40.1237806477 0.582851725881 -26.342902182|17.9343137288 3.07678368395 0.44823442204 3.07678368395 6.39754686368 -0.633347344983 0.44823442204 -0.633347344983 8.39558276144|
|274|0.0060224250843|49.8134816451 4.42575603672 -27.4196570946|4.72650518721 -3.4326636843 0.123034205903 -3.4326636843 7.88233416757 -0.391655804255 0.123034205903 -0.391655804255 3.45459556131|
|275|0.0043142812443|48.6294604622 6.27336552168 -20.3850880362|6.25993757232 1.83981134392 2.27684313697 1.83981134392 11.4181560301 5.02688949087 2.27684313697 5.02688949087 5.99886849762|
|276|0.00260390234308|42.8399915885 9.52855802659 -29.244563144|15.0344665062 -3.66823070531 -2.77165534503 -3.66823070531 9.39835296348 1.28055316547 -2.77165534503 1.28055316547 7.73988122508|
|277|0.00196285784396|31.3356419796 9.67617455344 -21.5512202594|19.3898558724 1.89244842615 1.37320661856 1.89244842615 6.54955756331 3.42902844014 1.37320661856 3.42902844014 7.4962456277|
|278|0.00116529448315|39.7902493505 12.5612050473 -16.2024547101|8.9551086305 -1.26620995613 2.3324032946 -1.26620995613 12.0845880263 10.5743355755 2.3324032946 10.5743355755 22.9053975951|
|279|0.00267363455503|29.627128334 10.3476221163 -19.7849864771|15.2021315182 -0.110120687683 -3.24129487637 -0.110120687683 10.5117236642 0.109959406242 -3.24129487637 0.109959406242 8.02025837818|
|280|0.00119957389963|33.4099837324 3.89329118951 -23.395137929|19.077443061 -6.43913383778 -4.49911149616 -6.43913383778 13.9514399868 5.40554563961 -4.49911149616 5.40554563961 9.82354701176|
|281|0.00208840562087|41.9883119711 6.05480893594 -16.5401780937|4.57574226605 -2.124965352 -3.24042838293 -2.124965352 4.61403895555 5.6968793826 -3.24042838293 5.6968793826 15.5337852255|
|282|0.00296798923484|45.1872108034 2.60527734519 -27.9599397447|10.2006947983 5.26987566523 -4.07169518682 5.26987566523 8.38956554158 -0.462077867826 -4.07169518682 -0.462077867826 8.12019203572|
|283|0.00239624923635|30.6790302665 4.40956190793 -22.7743533385|13.6934434837 -5.69398978318 -5.27160738078 -5.69398978318 14.1395149643 6.12345726005 -5.27160738078 6.12345726005 12.2130716416|
|284|0.00789289813442|22.6773958279 5.56021619545 -18.2884613056|5.12620979927 -0.554284322692 0.37131361181 -0.554284322692 6.85926558904 0.285549792983 0.37131361181 0.285549792983 2.61946212537|
|285|0.00279196143221|27.5486112418 8.62117809626 -19.6822592584|11.1179694559 0.462801579702 -1.61759953326 0.462801579702 7.92909232748 2.32532032186 -1.61759953326 2.32532032186 10.477223332|
|286|0.00291885635496|45.1237724999 6.06922100253 -27.868220116|9.4815268042 -2.99203066237 0.393699043673 -2.99203066237 8.40581164533 -0.0827186917241 0.393699043673 -0.0827186917241 9.75521311795|
|287|0.00400901434751|40.5955461536 15.9856723216 -5.80597860364|7.26241617726 -1.56606036127 -2.03074908018 -1.56606036127 8.71455603084 1.07534139411 -2.03074908018 1.07534139411 7.14300889284|
|288|0.00249893786392|29.6482281394 8.89681852133 -22.4876410958|15.3762657108 -0.709047305061 -4.00879457725 -0.709047305061 11.0652537995 4.00404107887 -4.00879457725 4.00404107887 8.8649969827|
|289|0.00228182332468|45.4152003409 5.28522924105 -29.3129075824|9.78248843524 0.966600373779 -1.20805516319 0.966600373779 10.2999497061 -2.64999308297 -1.20805516319 -2.64999308297 7.73858753373|
|290|0.00178234844456|34.1288384307 6.91326185301 -24.1566363598|22.7804575634 -3.63241542938 -5.88416948398 -3.63241542938 16.6153345434 4.83563990352 -5.88416948398 4.83563990352 9.09743544626|
|291|0.00457716251778|43.5607258335 0.580177617509 -22.904293963|9.31111840796 6.14937967014 8.43767321377 6.14937967014 7.59211176768 2.73798627139 8.43767321377 2.73798627139 15.1431971404|
|292|0.00390689716759|47.1234592098 10.5737324143 -31.9930953865|8.51870484301 -0.311229172047 -1.23868244791 -0.311229172047 4.78347257605 -0.90142023559 -1.23868244791 -0.90142023559 4.24892376786|
|293|0.00281258971306|31.785392128 2.49504485499 -23.6870038425|20.2805333817 -7.39386362178 -5.57531736497 -7.39386362178 9.66984897499 2.73789177922 -5.57531736497 2.73789177922 9.51539959013|
|294|0.00311773998184|34.2203325631 12.1589076797 -20.7842178406|19.6483727957 -2.65916085787 -9.92961776329 -2.65916085787 9.12088036612 -0.0689236738723 -9.92961776329 -0.0689236738723 9.8941621279|
|295|0.00291501764052|38.1985517913 11.8417544518 -25.4753111681|20.3005981592 -1.85563567546 -9.15250896188 -1.85563567546 6.54077411967 3.43230570773 -9.15250896188 3.43230570773 13.4191476511|
|296|0.00204848123154|30.0482325657 3.34521552224 -20.2335106838|8.05988261237 -3.62760022558 -3.04211019691 -3.62760022558 11.1613355927 7.22688455397 -3.04211019691 7.22688455397 12.8116839701|
|297|0.00248616830083|34.2688392597 10.0881468291 -22.5592977288|19.0478999061 0.00563607584507 -9.13376756181 0.00563607584507 4.7064349856 0.612487005259 -9.13376756181 0.612487005259 14.0034092232|
|298|0.00609341682239|47.3745389598 11.5623688293 -14.9973799218|6.95034439172 -2.87399942994 -2.72983000012 -2.87399942994 15.4730206864 1.21881912333 -2.72983000012 1.21881912333 3.81712806042|
|299|0.00365066595075|34.5841932755 10.6015713297 -22.6898679234|18.6095874656 1.03976377935 -10.9475103652 1.03976377935 5.59567399408 0.736465744302 -10.9475103652 0.736465744302 15.9928164835|
