#|num|weight|mean|covariance matrix|
|0|0.00582487170867|45.5446969356 8.59113685696 -18.0196744076|10.4078809136 -4.44266153871 -5.85498869427 -4.44266153871 11.3841010891 10.5653793606 -5.85498869427 10.5653793606 23.7071646223|
|1|0.00594198830381|31.6999874371 10.3857874559 -21.6892947066|16.9264742874 2.78249421707 -6.04767712157 2.78249421707 8.51346876041 1.01006862313 -6.04767712157 1.01006862313 11.8163802061|
|2|0.00411984569742|38.7508080384 0.625097804673 -26.6660073958|17.7816208298 2.09428527412 -1.47609727445 2.09428527412 6.88694430916 1.00853672787 -1.47609727445 1.00853672787 7.07100558619|
|3|0.00661157614476|41.2181882257 16.0578228943 -11.0818691427|11.9112663362 -1.85023723795 -7.02041960354 -1.85023723795 4.65071812471 3.28480514318 -7.02041960354 3.28480514318 15.4351660051|
|4|0.00662514069665|41.4227041857 9.92163659374 -27.0405301946|19.4055728842 -2.64339422245 -5.86241010733 -2.64339422245 6.53515438998 1.38818788465 -5.86241010733 1.38818788465 11.3901571952|
|5|0.00586570076033|44.011102059 9.99289947817 -16.4020689448|12.1506815154 -6.07515534666 -8.08076509076 -6.07515534666 15.1296274271 13.0988327217 -8.08076509076 13.0988327217 24.6993188791|
|6|0.00684923570884|47.1070215149 5.48140057203 -18.9046665972|9.37042083147 0.997031760535 -1.10260240865 0.997031760535 9.21605424745 4.31850319657 -1.10260240865 4.31850319657 11.4048515264|
|7|0.0071828840036|27.5013097265 8.07780860011 -17.986537794|10.4875946026 0.241457447894 -0.556649952543 0.241457447894 8.26367321755 0.231538011233 -0.556649952543 0.231538011233 5.77461913129|
|8|0.00590190517211|38.9625614491 12.2850859484 -26.1406823906|17.6887552745 -3.70613507046 -8.34033866414 -3.70613507046 7.97378717078 5.21068001206 -8.34033866414 5.21068001206 13.1868681713|
|9|0.00536974900322|42.4795550616 11.3734741285 -13.7084902227|10.0610487093 -4.92968950467 -6.50310198812 -4.92968950467 17.8820027731 12.9282406257 -6.50310198812 12.9282406257 22.2831933504|
|10|0.0139967290202|50.4645875088 2.76423263893 -30.2203409737|4.69742656081 0.374482984696 1.02509144568 0.374482984696 5.92535208824 -2.06691445983 1.02509144568 -2.06691445983 7.70133279123|
|11|0.00406105962232|45.3429809875 6.44596768077 -21.7311952569|10.4684004811 1.69897526425 1.84505349455 1.69897526425 8.11371422917 4.17765643129 1.84505349455 4.17765643129 13.9721500924|
|12|0.00942486800248|39.9902265793 18.3293223223 -5.50026772441|8.23719270155 -3.24058893906 -0.328842347018 -3.24058893906 10.0005754867 -4.342884198 -0.328842347018 -4.342884198 6.4013897157|
|13|0.00549065297437|29.6793691575 3.21247371319 -20.8707175247|9.732128749 -4.55381401676 -3.52438392371 -4.55381401676 11.6336551349 6.86237646348 -3.52438392371 6.86237646348 13.6885120939|
|14|0.00805423112397|31.3452690373 0.803745203388 -22.9002298982|18.3177652005 -5.62032373848 -3.86443234832 -5.62032373848 6.77993022576 1.92216146828 -3.86443234832 1.92216146828 10.001450207|
|15|0.00640130612089|28.9890705631 13.5085552011 -19.2494670599|10.2796867629 -4.42082637006 -3.90085634856 -4.42082637006 7.37579502235 -0.577913169798 -3.90085634856 -0.577913169798 9.04929850593|
|16|0.00361247402247|44.5175512143 6.33141730783 -19.1428689002|10.3120374366 -0.417115404162 -2.22089861397 -0.417115404162 11.0423805884 6.9226666075 -2.22089861397 6.9226666075 16.6935845213|
|17|0.00764160387057|40.4020441136 11.2367914532 -8.45632683351|4.36006456026 -0.305272645703 -0.678501273133 -0.305272645703 15.0505883015 7.53106679257 -0.678501273133 7.53106679257 10.5583297376|
|18|0.0122879936999|35.374739407 -0.283305583737 -30.8279804442|9.76150729214 0.922847688063 -2.22739599204 0.922847688063 5.26693702646 -0.151523980977 -2.22739599204 -0.151523980977 5.98834796972|
|19|0.00421250926587|31.9907271969 7.5406447021 -23.6253383645|16.4863452742 -3.03183593876 -4.00055070074 -3.03183593876 16.9973158402 5.51527541763 -4.00055070074 5.51527541763 8.8692758835|
|20|0.00554926517378|38.0283803004 10.3147765567 -24.6851341844|24.6727750655 -1.7069369386 -11.0312708913 -1.7069369386 6.67869569045 1.06714123184 -11.0312708913 1.06714123184 14.4270692266|
|21|0.00962848016416|46.4607091264 5.60353933293 -29.4693031497|7.30063689112 -2.48892770455 1.78603704571 -2.48892770455 8.58072554591 -1.51349595566 1.78603704571 -1.51349595566 8.84388327512|
|22|0.00271753275527|38.3624951303 8.88427335516 -20.9216300625|23.715188259 -0.911242841066 4.80800848207 -0.911242841066 9.54285724851 3.97314904788 4.80800848207 3.97314904788 7.4213031168|
|23|0.0101533287011|45.2885493859 14.2455129381 -12.7327806329|9.87284663982 -3.21661568873 -5.96880231563 -3.21661568873 8.88112543891 1.97306890859 -5.96880231563 1.97306890859 9.38078756302|
|24|0.00856761575714|26.5283029205 8.15047345316 -12.3312932506|5.0945957843 -0.751810299563 0.367190892397 -0.751810299563 3.83026083317 0.0787412828448 0.367190892397 0.0787412828448 3.81278778206|
|25|0.0115613829597|37.9891356428 -2.60022584936 -24.6126928109|6.09873894107 -1.50253665648 -2.083730158 -1.50253665648 6.75064701889 0.524559047742 -2.083730158 0.524559047742 8.05516104112|
|26|0.00693108282727|41.5936840781 11.0925811111 -28.0242130571|13.6840130648 -2.43305930786 -4.29619375682 -2.43305930786 8.39037657104 2.88004442228 -4.29619375682 2.88004442228 10.8610686907|
|27|0.00235704985609|31.2077063593 4.60365768301 -21.3084770137|15.5667873954 -6.16568489229 -6.96328612361 -6.16568489229 13.8118774905 6.0985154341 -6.96328612361 6.0985154341 13.7796442167|
|28|0.00655131135973|43.3399253041 9.48296123323 -13.9989292683|8.35804263786 -2.29153653065 -4.21131247721 -2.29153653065 14.6425479206 9.24012405584 -4.21131247721 9.24012405584 18.7867366867|
|29|0.0061705039629|43.133900177 10.0945010065 -29.5036070158|13.7348086043 -3.47477177302 -2.6975595556 -3.47477177302 9.34963137563 2.16674577373 -2.6975595556 2.16674577373 8.85152361786|
|30|0.00183784001178|42.5774784431 6.34236265501 -18.9700171293|8.59673591677 -0.229735271417 0.172769021897 -0.229735271417 12.1280798752 9.19818943132 0.172769021897 9.19818943132 18.6368320385|
|31|0.00995712645382|23.4020894159 7.27468681848 -16.2172578154|7.20620645512 1.54167314155 0.34806295915 1.54167314155 7.39659993415 -1.07153072051 0.34806295915 -1.07153072051 6.55218576181|
|32|0.00461328051842|32.6527690023 0.708739809816 -22.9391624253|19.3264677679 -5.37118365497 -6.29128860343 -5.37118365497 7.26640046414 3.26988850346 -6.29128860343 3.26988850346 11.7051617269|
|33|0.00600353278045|45.3352522605 6.74347558733 -18.6511182005|10.6994411433 -1.23474405138 -3.36466601586 -1.23474405138 10.2034869614 6.51419967285 -3.36466601586 6.51419967285 17.3400831895|
|34|0.00687544995944|37.5371693327 -2.17961537375 -26.5489547321|11.5577442231 3.00112211926 0.352636634837 3.00112211926 4.4562600221 2.11795773049 0.352636634837 2.11795773049 6.62235467696|
|35|0.00494192645596|30.1570678908 8.93041104557 -22.1802614336|13.8480702406 0.0424255952018 -5.68541633806 0.0424255952018 11.9231181382 3.16087554833 -5.68541633806 3.16087554833 11.1181437451|
|36|0.00442593635411|35.4997894266 12.6594161193 -21.8084204451|23.1796924004 -4.23093213415 -10.0812389483 -4.23093213415 8.60501203142 1.90491021115 -10.0812389483 1.90491021115 9.6692895988|
|37|0.00654850957871|45.8696177136 5.2492347583 -29.1484214637|6.22443428251 5.96741314609 -1.75445896881 5.96741314609 12.0527334682 -1.34705125632 -1.75445896881 -1.34705125632 5.81095291468|
|38|0.00664409148986|35.3911568553 11.7028697599 -23.1154129604|22.6049237673 -2.14002095432 -11.5594764941 -2.14002095432 8.53247813224 1.99980476591 -11.5594764941 1.99980476591 14.7634378914|
|39|0.00629450226967|36.9434964463 12.0989842564 -25.6968033402|19.2350716321 -3.06562289413 -10.066686033 -3.06562289413 8.20309100755 5.11725534882 -10.066686033 5.11725534882 13.8058304169|
|40|0.00573719420015|41.8221393577 13.6879076181 -12.6349832372|11.4649911654 -4.80278623613 -7.29685911609 -4.80278623613 12.5789196706 9.59159235107 -7.29685911609 9.59159235107 18.8948328858|
|41|0.00541699340359|40.9243228858 8.83195900904 -25.7729969105|15.2074569698 -5.35668506986 -4.26611537303 -5.35668506986 7.16547960727 0.849412636722 -4.26611537303 0.849412636722 13.9079718634|
|42|0.00300967482712|34.7316260994 4.0164184026 -26.3183176666|27.1588173188 -5.10209121554 -2.55811951805 -5.10209121554 13.5763269696 2.63347873504 -2.55811951805 2.63347873504 2.85120600555|
|43|0.00573487175291|22.506068829 13.7957536741 -18.4447893238|4.38023473797 -1.75759367631 -0.962398892598 -1.75759367631 9.78739818791 4.54783126771 -0.962398892598 4.54783126771 6.19520235869|
|44|0.00557127596989|43.7750576734 8.62831708133 -15.7242622835|9.1128176979 -2.34252674104 -4.86646952482 -2.34252674104 14.4047861253 9.76181929909 -4.86646952482 9.76181929909 20.519043021|
|45|0.00683052848707|37.7435849638 19.6882281118 -8.39015364397|5.10409353624 2.78885650623 2.5107206455 2.78885650623 6.35817358005 5.55354876504 2.5107206455 5.55354876504 13.8583310976|
|46|0.0147495171037|45.9478381537 8.83045972644 -34.1470905988|8.49036679039 2.1668215693 0.25210647946 2.1668215693 5.62389819431 0.429535762867 0.25210647946 0.429535762867 4.58877001615|
|47|0.0054501218424|39.5090435601 15.627584999 -8.02707548186|6.59284764354 -0.806868126677 -0.0946277994178 -0.806868126677 14.0763340031 5.58463749959 -0.0946277994178 5.58463749959 11.7654818112|
|48|0.00519253077927|29.4927677663 8.57372822533 -20.7728508811|12.9181196708 2.26440608555 -3.19885170607 2.26440608555 5.51758608919 0.65708470092 -3.19885170607 0.65708470092 11.4728560621|
|49|0.00250047671713|36.3767283063 6.90604666727 -22.4961893083|24.9958407037 -3.10011151494 -0.670438219226 -3.10011151494 13.4120461043 5.53634138729 -0.670438219226 5.53634138729 9.03446774122|
|50|0.00557272245591|44.4108910252 11.7336215797 -15.5245490818|12.5529915364 -7.56944816213 -8.25009362514 -7.56944816213 16.3313079471 12.8332746614 -8.25009362514 12.8332746614 18.871681358|
|51|0.00622287572011|26.8713613106 8.0946859275 -18.7608333479|10.7938531073 0.287896560184 -0.914200015922 0.287896560184 7.81418653706 0.909086082093 -0.914200015922 0.909086082093 8.73789515031|
|52|0.00635160500252|42.6678937983 10.9425944676 -11.5166667298|6.99409335472 -1.82297526055 -3.14333650177 -1.82297526055 16.4446357272 10.8603819392 -3.14333650177 10.8603819392 19.048832022|
|53|0.00450539526313|29.7795430662 8.87690419275 -20.783871283|10.7842546142 2.40043284786 -1.89952567702 2.40043284786 3.81993345104 1.01524452962 -1.89952567702 1.01524452962 11.8328251778|
|54|0.00546501450446|39.8511110067 0.834272096817 -29.0525718463|16.4327360661 3.94144453492 0.374207674007 3.94144453492 5.91899989301 -0.574610738696 0.374207674007 -0.574610738696 6.48227427727|
|55|0.00686218243489|44.5369838584 10.4309506428 -29.3106867659|9.74853015775 -4.96662358181 -0.73964663483 -4.96662358181 10.6534281719 2.90403129617 -0.73964663483 2.90403129617 9.58750338102|
|56|0.00775742887838|44.1689416969 10.0894599223 -31.4133904049|10.9373545374 -3.78264751657 -0.510949865243 -3.78264751657 9.95838285446 1.74533596925 -0.510949865243 1.74533596925 4.93443545117|
|57|0.00485861048124|31.8544389931 5.31555271775 -25.376634231|20.0993899288 -6.76674819062 -1.51696775874 -6.76674819062 16.0498828286 4.31478806747 -1.51696775874 4.31478806747 3.64379949053|
|58|0.00304423315703|36.5132728404 1.54548569755 -25.1357665895|15.4238471883 -1.09050347279 -1.55300558239 -1.09050347279 9.98432838989 3.95236857566 -1.55300558239 3.95236857566 7.86833141795|
|59|0.00643071625408|47.2198790625 5.89656719511 -21.1722375447|9.08057110427 4.18281287875 3.97375640896 4.18281287875 9.59938930874 3.79562836327 3.97375640896 3.79562836327 10.1699388747|
|60|0.00320003958206|42.4323900999 10.4891412358 -18.1995930872|13.08392858 -5.83538966445 -5.22045245674 -5.83538966445 12.237623812 11.0192447169 -5.22045245674 11.0192447169 28.8819134265|
|61|0.00626982378898|44.6133058893 8.20323196374 -17.2586764876|10.6959847517 -3.02688825158 -5.85807739544 -3.02688825158 12.7632303185 9.73464829888 -5.85807739544 9.73464829888 22.2285651279|
|62|0.00667906053089|19.9064180663 11.427556267 -21.2668691114|4.18726656479 -0.0906900052989 0.727115416359 -0.0906900052989 3.03667774137 -0.668873250149 0.727115416359 -0.668873250149 5.68642636457|
|63|0.00286372535735|41.9906622936 9.1379113313 -16.1111761404|7.49926988743 -2.96295926098 -3.21480709112 -2.96295926098 17.3884810037 13.2898068475 -3.21480709112 13.2898068475 23.4721284994|
|64|0.00668546624436|44.2639768805 6.99827019992 -26.791754311|11.5359247327 -4.0701511776 -0.103812708255 -4.0701511776 8.36798719933 0.443201194515 -0.103812708255 0.443201194515 12.7013794342|
|65|0.00799259485906|34.7917108138 -0.205650165582 -24.3029451667|16.652491133 -4.59843846899 -1.55299574855 -4.59843846899 7.73964603446 0.933092489914 -1.55299574855 0.933092489914 7.27475800782|
|66|0.00214375848627|39.3665970865 5.30549708723 -24.5194636144|19.2675905371 0.265129876526 -4.03365565201 0.265129876526 14.8030839808 4.01824297265 -4.03365565201 4.01824297265 9.98000032635|
|67|0.00694068327705|42.0111143772 14.4905181245 -8.46768181673|6.60471511368 -2.07624371993 -3.03159472334 -2.07624371993 18.6184871412 10.1059393011 -3.03159472334 10.1059393011 14.4957903047|
|68|0.00439559219611|30.1702582581 5.2521330672 -23.0068729924|10.6932195512 -5.36740326385 -6.7245180025 -5.36740326385 17.3554445317 7.35115507544 -6.7245180025 7.35115507544 13.085530327|
|69|0.00485445505421|41.106916915 12.6310391494 -11.2715750862|8.09013297333 -3.47728372991 -3.41071860896 -3.47728372991 18.5117231363 11.8824095174 -3.41071860896 11.8824095174 19.0729996441|
|70|0.0032698362661|42.807853857 8.51585284329 -18.901345281|12.2404174683 -2.77729562962 -2.16461938257 -2.77729562962 14.3412696727 9.96199228781 -2.16461938257 9.96199228781 17.7721091008|
|71|0.00327416011988|43.0887899845 7.05044744847 -20.7792460733|15.6490330904 -0.370753606481 0.755296845937 -0.370753606481 11.805434241 7.51148331033 0.755296845937 7.51148331033 12.9162232295|
|72|0.00573184728546|29.8280602126 10.3438816481 -20.2661468579|14.252943297 2.09259963688 -4.72593640954 2.09259963688 10.976352357 0.274689040784 -4.72593640954 0.274689040784 9.95467397817|
|73|0.00795111531618|23.1174139998 5.95231401552 -18.2824458407|5.37169932471 0.527067545003 -0.534800081181 0.527067545003 8.13731923965 -0.572079964262 -0.534800081181 -0.572079964262 3.43121901758|
|74|0.0125171790594|23.8876739136 13.6520056173 -15.2480055561|5.07508331435 0.787620317367 -0.0415305841202 0.787620317367 9.29346926714 -0.51816035133 -0.0415305841202 -0.51816035133 4.56308175386|
|75|0.00417781091796|33.5128713771 9.49924616359 -23.0523880668|23.5068059097 0.891945375568 -7.19194674728 0.891945375568 10.3566113142 1.92949304429 -7.19194674728 1.92949304429 10.9477922601|
|76|0.0189127532239|41.9864475771 -4.03572619582 -27.307472986|5.44993648233 -0.367158489605 0.730434514921 -0.367158489605 6.71102475069 -0.621005241151 0.730434514921 -0.621005241151 7.18841693552|
|77|0.00731550598416|38.8175817834 11.4154917857 -27.0166706605|15.771097821 -0.963065507936 -7.3811387129 -0.963065507936 7.54791796205 3.52723912889 -7.3811387129 3.52723912889 12.2179880969|
|78|0.00472728411086|44.2462426799 7.36263315946 -21.7046961243|11.4707526013 -2.98795064451 -3.83328447333 -2.98795064451 8.32995348679 4.75078252571 -3.83328447333 4.75078252571 20.7237374934|
|79|0.00297648665736|38.3013443618 13.2461750984 -15.2050365494|5.62223933332 -1.44157642439 0.225486345307 -1.44157642439 11.2559384638 12.3215219676 0.225486345307 12.3215219676 26.2751837361|
|80|0.00692695117104|44.8258881129 5.95806937672 -25.4466043969|9.59139227891 -2.73614164063 -0.563640607849 -2.73614164063 6.43257124099 -0.215726636127 -0.563640607849 -0.215726636127 16.6443587263|
|81|0.00694542446637|32.1504458064 13.7740328893 -20.4266458264|18.7027985985 -2.6712946463 -4.89312793388 -2.6712946463 7.64014053901 0.663839168876 -4.89312793388 0.663839168876 6.05393903041|
|82|0.00907966223355|31.7891038755 -3.46539217031 -26.3240515044|5.68366287355 1.00393321092 0.959821360668 1.00393321092 3.69876384117 1.18318281586 0.959821360668 1.18318281586 5.17057815389|
|83|0.00390244523048|46.1126624597 4.46953527389 -22.7965031731|6.14984977663 0.737376806295 -1.59314741518 0.737376806295 7.03499158517 -0.00208860968576 -1.59314741518 -0.00208860968576 18.254362949|
|84|0.00322931378131|32.4586248517 4.36209369259 -23.1556059351|19.0319279015 -7.88056377078 -6.12969517888 -7.88056377078 16.4862066061 6.98526316764 -6.12969517888 6.98526316764 11.9214456478|
|85|0.00998117952628|40.9552106402 20.175460972 -4.66673257043|3.02014004573 -0.533181957398 -2.04090954924 -0.533181957398 8.23248301846 5.14486942067 -2.04090954924 5.14486942067 12.4423865432|
|86|0.00750472118044|45.724028252 5.57388237578 -22.4674580392|9.76134348441 -2.74833188628 -3.47725115463 -2.74833188628 7.65610348756 3.39044600256 -3.47725115463 3.39044600256 17.0259826777|
|87|0.00294545334288|28.9402609404 7.25664615314 -19.2494400236|5.49583120233 3.40304874781 -1.73141670473 3.40304874781 5.74603205434 -1.32943964213 -1.73141670473 -1.32943964213 12.4940663309|
|88|0.00620794611046|44.800323851 5.9838277642 -16.2248089583|10.2653760708 -1.56959040414 -3.42756399542 -1.56959040414 8.08158264657 4.45592001357 -3.42756399542 4.45592001357 12.2113107974|
|89|0.00397118928964|33.9490389275 9.01766008018 -21.9164157941|21.9142251029 2.09573164948 6.95089967962 2.09573164948 5.51168727092 2.77906492063 6.95089967962 2.77906492063 6.82185923429|
|90|0.00796657093591|44.2607678322 11.195184469 -14.1608368473|12.0972009321 -5.41736837835 -7.78457150601 -5.41736837835 15.2454212435 9.2161525805 -7.78457150601 9.2161525805 17.7324172343|
|91|0.00427618615116|27.9866828546 8.36681758291 -20.3751628278|10.2161723858 -3.12289587257 -2.58222740298 -3.12289587257 13.1248362008 4.23548587662 -2.58222740298 4.23548587662 10.5551678182|
|92|0.00352103745084|43.4684363617 2.58617930454 -22.7652172211|15.7814551031 6.29406269057 5.32101174432 6.29406269057 12.3241992921 5.7632140039 5.32101174432 5.7632140039 9.95510097772|
|93|0.0108706384357|26.2835136011 14.0466095418 -19.9143604165|3.81734589271 -1.14051928423 -0.114201511236 -1.14051928423 6.34790853094 -1.42950380413 -0.114201511236 -1.42950380413 5.87458066373|
|94|0.00844184994851|42.1346330289 12.034709735 -29.9861183913|5.47978532584 -0.830719514585 -2.02116679908 -0.830719514585 8.62722136115 4.0465272786 -2.02116679908 4.0465272786 9.44905691858|
|95|0.00832616821445|38.1518763709 21.295824188 -3.66153078426|4.78442682622 0.381797546364 1.1419350014 0.381797546364 7.3202718881 3.97481300202 1.1419350014 3.97481300202 10.0020300009|
|96|0.00640942653952|30.4967091148 2.01658475524 -20.6842863116|11.0163492318 -3.64163066531 -5.27112849511 -3.64163066531 8.4626292149 6.54033107905 -5.27112849511 6.54033107905 15.0859633432|
|97|0.00700785565085|38.7317741881 10.942587415 -25.6454095252|20.1865978207 -2.10640718641 -9.04386631798 -2.10640718641 7.6601429075 2.35591891904 -9.04386631798 2.35591891904 13.6412729749|
|98|0.00708541704145|32.61305214 10.684130073 -23.1494547386|18.7035269216 3.26421094683 -7.09310413955 3.26421094683 7.37314071166 1.58068665651 -7.09310413955 1.58068665651 11.6332730596|
|99|0.00707135031749|41.3461723861 9.20115716568 -11.6118495365|4.15184020037 1.96855837456 0.998769048493 1.96855837456 7.93682625452 3.69045529362 0.998769048493 3.69045529362 11.0683669807|
|100|0.00847323340522|24.9277092067 4.44732142996 -22.8350797288|3.93431172777 -0.956318114113 0.59665658302 -0.956318114113 3.94441232821 0.0756652595335 0.59665658302 0.0756652595335 8.84270136563|
|101|0.00981225341344|35.5331509612 1.489230346 -27.4653632095|5.42426101287 -1.45103876326 -2.2838589471 -1.45103876326 3.32493837757 1.56826462792 -2.2838589471 1.56826462792 13.0820835213|
|102|0.00751972411584|33.091260472 14.8084982797 -20.6222664541|5.56847978425 0.33627256904 1.06796836788 0.33627256904 7.55164301112 0.002695675344 1.06796836788 0.002695675344 3.72120762609|
|103|0.00328809685191|34.3462902762 6.02891240515 -24.2335130128|22.9865066495 -5.26473686291 -3.23328871547 -5.26473686291 18.0397197231 5.94685337364 -3.23328871547 5.94685337364 7.95497309366|
|104|0.00580847644366|40.5100079298 -0.736164803005 -26.8300322931|14.6577530653 4.6331929888 2.41912606952 4.6331929888 5.99822106081 0.111826758378 2.41912606952 0.111826758378 9.39800131386|
|105|0.00485321077709|42.667968931 12.3159383768 -14.900947755|12.2701058992 -6.45056078662 -8.58072757707 -6.45056078662 15.7482778186 13.6075624936 -8.58072757707 13.6075624936 22.4656701401|
|106|0.0116838217908|49.7420063753 5.78857939695 -30.906370011|5.60472758533 0.346698797185 0.095113460555 0.346698797185 9.74075269401 -1.94819359944 0.095113460555 -1.94819359944 7.3363445262|
|107|0.00485817560862|38.8034090321 16.4006336706 -9.76228923036|6.95913042497 -0.284770381327 -0.981509074329 -0.284770381327 9.5328555474 7.17399829577 -0.981509074329 7.17399829577 15.7843400698|
|108|0.0090359810392|25.3808998934 10.5307489394 -18.189531249|10.6490275709 0.64650629141 3.79771522043 0.64650629141 2.1938878967 -1.05853243157 3.79771522043 -1.05853243157 6.47074618821|
|109|0.0126487192668|20.5850635179 3.6149422641 -17.2413182828|6.33270502634 1.33663789014 -0.300597031728 1.33663789014 5.98334861646 -0.937881172392 -0.300597031728 -0.937881172392 5.11352978661|
|110|0.0181142743293|50.3657956966 7.84980884404 -32.7952833476|5.45831316652 -0.370880661374 0.807402365115 -0.370880661374 7.86688627028 0.0482658371975 0.807402365115 0.0482658371975 5.38391701889|
|111|0.00516022983656|41.7619534144 1.60258811857 -27.1696087162|10.2473517493 3.81190773194 6.9222064774 3.81190773194 7.64266781562 2.12988935386 6.9222064774 2.12988935386 11.7496096867|
|112|0.00840109423325|33.2823643962 -0.113243030314 -24.1416236016|18.9921053935 -6.14477608089 -1.30531362735 -6.14477608089 7.5606618646 0.809751192501 -1.30531362735 0.809751192501 7.11891923445|
|113|0.00711229985908|45.7865683581 6.9561272463 -18.3909601134|10.6182834776 -2.38740604457 -4.42658013929 -2.38740604457 10.2522093398 7.956453864 -4.42658013929 7.956453864 19.6971254744|
|114|0.00477411164616|38.6667873428 15.6892051295 -13.2896142889|8.42230572293 -2.31894104515 -6.60023353221 -2.31894104515 6.97513021435 7.92094965494 -6.60023353221 7.92094965494 17.2312414321|
|115|0.00491667742222|31.1402956558 3.61818991714 -22.3474058277|14.6349851287 -6.04343105243 -7.02231110366 -6.04343105243 13.6656412484 7.22132068573 -7.02231110366 7.22132068573 14.8186736352|
|116|0.0174054039622|43.4608095633 12.6073187037 -4.83876835948|5.84151950132 -0.153804822117 -1.75951163658 -0.153804822117 4.8401185099 -0.286738245076 -1.75951163658 -0.286738245076 7.39935734406|
|117|0.00712506141191|36.1001633334 10.9617740316 -24.6618158318|21.7944376993 1.54090492363 -10.7882403775 1.54090492363 6.23664289121 1.01528814664 -10.7882403775 1.01528814664 15.0715690025|
|118|0.00751722631893|44.725683805 8.83463644719 -15.2149630591|10.870351607 -3.31293006553 -6.40835077431 -3.31293006553 13.5868923318 8.60604512112 -6.40835077431 8.60604512112 18.6737591557|
|119|0.0056425819727|29.3377962834 10.0934689077 -19.0975701746|13.6608396451 2.10409730526 -2.34655028242 2.10409730526 11.8000209667 -1.9845879732 -2.34655028242 -1.9845879732 6.17260348215|
|120|0.00532753513905|32.0548721877 1.69961131658 -24.8488928926|20.290867211 -6.48578600634 -4.29012700609 -6.48578600634 9.22257078982 3.01431441697 -4.29012700609 3.01431441697 7.88364292336|
|121|0.00281140678245|37.5653948987 4.83605943626 -26.2502931488|25.8868070253 -1.518538659 -3.62577851803 -1.518538659 15.9504450013 2.33135640907 -3.62577851803 2.33135640907 4.12751430597|
|122|0.00432991246894|44.9097455169 7.24455028697 -27.5414836864|10.6915623829 -2.67785692801 -1.07772740133 -2.67785692801 10.2695419596 0.701149381576 -1.07772740133 0.701149381576 10.3036149575|
|123|0.00544332622367|43.2043152797 10.5476984338 -15.3702771916|11.4344441686 -5.59152890819 -7.77303919789 -5.59152890819 16.9338231745 13.4147628566 -7.77303919789 13.4147628566 23.8038923142|
|124|0.00793025529108|41.0569308659 -2.83743275163 -25.572558248|6.92022053729 1.06343946463 -2.43049709867 1.06343946463 5.5262798135 0.163836199819 -2.43049709867 0.163836199819 7.6272397051|
|125|0.00495104186719|32.4860385445 2.04221768609 -24.6739072402|20.1996064386 -7.30168303832 -2.90175861538 -7.30168303832 11.3762053391 2.63245490892 -2.90175861538 2.63245490892 6.94315611036|
|126|0.006527404803|41.1509629932 8.28275253338 -26.0079441287|13.812870497 -5.81143962476 -3.63853537854 -5.81143962476 6.58017968636 0.225903865463 -3.63853537854 0.225903865463 14.1545986176|
|127|0.00437623052845|30.8144595736 7.83247340608 -21.9296574196|15.9505022879 -2.62714724866 -5.56440695693 -2.62714724866 14.4734547644 4.31084157993 -5.56440695693 4.31084157993 11.5272419512|
|128|0.00416361837618|39.7543061568 9.11813463485 -24.2034054701|21.2320947928 -3.79972050941 -7.82894279131 -3.79972050941 5.5539939953 0.176846610669 -7.82894279131 0.176846610669 12.4713169165|
|129|0.00572045929197|34.4560289205 10.2771885914 -22.4861036705|21.6189303708 1.67416346319 -10.0433310042 1.67416346319 4.61968449631 -0.493255422419 -10.0433310042 -0.493255422419 14.6433561721|
|130|0.0079914123065|39.1099785189 18.7161184382 -6.43191747006|5.61998755493 0.87569950188 0.249366178878 0.87569950188 10.3084131757 4.91505775511 0.249366178878 4.91505775511 12.6812100834|
|131|0.0075456402683|44.0991113595 9.05837104603 -28.2842321274|11.6879884287 -4.26844315567 -0.936361396036 -4.26844315567 11.1330582243 1.81969094007 -0.936361396036 1.81969094007 9.82377546153|
|132|0.00859943851286|46.8871755893 4.77861075932 -25.3760916735|7.46472367803 -2.66434135746 -0.169612127587 -2.66434135746 7.56877702103 1.85430898002 -0.169612127587 1.85430898002 12.5344266171|
|133|0.00957622087271|25.4277223718 11.9913695898 -15.1464209398|8.07551317958 -1.32869300576 -0.558820607249 -1.32869300576 11.5971934579 0.280783422321 -0.558820607249 0.280783422321 3.80997001713|
|134|0.0121175578904|37.0684726213 14.7385252846 -29.4667322686|6.41575698136 1.63577221728 -1.5040378587 1.63577221728 4.82686012428 -0.720028238841 -1.5040378587 -0.720028238841 5.11669226073|
|135|0.00613141170767|35.8175263656 -0.315459544145 -26.2447900907|14.4630241782 -1.88329925455 -2.07994188625 -1.88329925455 7.6739713835 2.84031730518 -2.07994188625 2.84031730518 7.91042587518|
|136|0.00674163368958|41.1113510441 14.8289532886 -9.70190101337|8.74107919989 -2.7960725993 -3.20796894138 -2.7960725993 13.3652935448 8.03085701288 -3.20796894138 8.03085701288 15.787707329|
|137|0.0163172241291|37.130695192 22.1851410843 -4.71167015892|4.8854621278 0.276230513048 -0.142450861646 0.276230513048 4.30544635022 -1.07697586037 -0.142450861646 -1.07697586037 9.81559701708|
|138|0.00502721668728|29.36055187 6.40894920167 -20.2787594892|10.3160053755 -4.63356194402 -3.57190578144 -4.63356194402 14.780225209 4.71651513615 -3.57190578144 4.71651513615 11.6975108674|
|139|0.0028861650928|40.6981640725 11.430038255 -16.8914504718|9.50234962131 -1.79592580596 0.381998796968 -1.79592580596 14.3475783351 12.1098717035 0.381998796968 12.1098717035 22.4310808977|
|140|0.00737165769805|26.3620099143 4.24099270128 -21.2540896153|6.22048645177 -0.163302498057 2.62915232834 -0.163302498057 3.94147992248 0.990749006208 2.62915232834 0.990749006208 10.2097475057|
|141|0.00465498200959|37.7218084599 11.1279444869 -24.011248483|24.548919913 -2.9423991171 -11.528268784 -2.9423991171 8.44265333469 1.60891678048 -11.528268784 1.60891678048 13.9313003309|
|142|0.00514777936946|41.8236667328 4.12749052146 -13.8091719725|8.05941789711 -0.943597844721 -1.03054640204 -0.943597844721 3.55013754209 -0.308076670693 -1.03054640204 -0.308076670693 4.43558651967|
|143|0.0071049366222|42.8115199185 11.921283383 -12.2972587405|9.18718928413 -4.10786529568 -5.91873042187 -4.10786529568 17.3457434182 11.5667499801 -5.91873042187 11.5667499801 20.8593945943|
|144|0.00300341400842|33.286627384 8.13992072564 -22.3573802103|23.2019088333 -2.17921914231 -2.01804722429 -2.17921914231 12.0024907028 3.84480645666 -2.01804722429 3.84480645666 8.55885128304|
|145|0.00789817537979|40.9326516304 16.3628547521 -6.00688128614|7.00143476598 -0.981445996709 -2.43163107347 -0.981445996709 14.6243164427 6.01693096768 -2.43163107347 6.01693096768 10.1607551723|
|146|0.00615833289521|36.7702777145 10.2931327533 -23.5537951042|24.4251413032 -0.581526282764 -12.2729593635 -0.581526282764 5.35317097228 -0.193631919788 -12.2729593635 -0.193631919788 15.4410474826|
|147|0.00810769285502|46.7284735039 6.8160817989 -29.8577387865|7.4084875833 0.272778853128 0.468207999041 0.272778853128 8.58823414535 -0.868477560321 0.468207999041 -0.868477560321 6.99183458605|
|148|0.00815495881402|38.4268559992 18.4666398509 -3.64975218943|9.10353177606 -0.962558751694 -1.42884951613 -0.962558751694 6.95379596329 3.35774382641 -1.42884951613 3.35774382641 6.80356545477|
|149|0.00811229583157|44.6240751767 1.19309247696 -20.8650742918|5.71579929361 4.58592755022 3.07460488716 4.58592755022 12.9820907065 6.28859960181 3.07460488716 6.28859960181 8.88433725845|
