#|num|weight|mean|covariance matrix|
|0|0.0168741958504|40.1450049768 -10.0626231246 -22.3633635812|70.7670585629 -4.24191722568 34.6146834658 -4.24191722568 7.33468790483 1.72769180074 34.6146834658 1.72769180074 25.4000162736|
|1|0.000963282848975|49.0999445304 -2.65013879421 -38.3061348553|3.2961780293 -6.3008945118 6.10631404544 -6.3008945118 33.4790171527 -38.0694292357 6.10631404544 -38.0694292357 47.9355215188|
|2|0.0226492545627|48.4455572065 16.0296989069 -22.0408697526|75.8600806536 -35.9442692883 -39.8033881017 -35.9442692883 22.3186651958 19.2826935461 -39.8033881017 19.2826935461 24.494683796|
|3|0.0143432615414|15.5484925515 13.443879537 -20.577682862|10.1711541815 3.35959311787 0.464206998823 3.35959311787 25.5269914974 -6.52272459874 0.464206998823 -6.52272459874 13.877483571|
|4|0.0155173078683|49.5396074029 15.0376819519 -59.884788501|6.77373318878 -5.14097980242 -2.19885558503 -5.14097980242 41.7602153212 19.0900221965 -2.19885558503 19.0900221965 13.9632871704|
|5|0.00660009821332|39.9504049166 0.791703280222 -64.5052505562|20.4855712727 -26.1322059433 13.8764048408 -26.1322059433 54.8550493122 -42.1612716894 13.8764048408 -42.1612716894 42.9573532389|
|6|0.0190312191055|60.3358811874 2.31066212741 -4.39207451986|21.5424308636 12.279437253 -11.7784908696 12.279437253 19.9436556987 -7.76199789907 -11.7784908696 -7.76199789907 16.9308264772|
|7|0.0190559649703|55.8759523176 -0.784091538609 -36.4144286169|15.6798314137 27.6674077945 5.99937034641 27.6674077945 68.1090937765 13.227042103 5.99937034641 13.227042103 6.39593084694|
|8|0.008131647109|56.7928091152 3.70674239292 -47.0522336956|4.68474046039 0.771177595986 -3.30400820867 0.771177595986 14.2121528216 5.07944908167 -3.30400820867 5.07944908167 10.3136545788|
|9|0.00680128743567|18.6870377754 20.3025192734 -54.3338653759|1.86127805154 1.3866632986 2.9312178155 1.3866632986 12.1738160099 -4.28751604071 2.9312178155 -4.28751604071 30.5756135653|
|10|0.0324776612887|46.7991865003 6.21811800018 -49.198787706|21.1827445807 7.75770261463 -16.9914889583 7.75770261463 23.7913842302 9.94437578993 -16.9914889583 9.94437578993 35.0595182369|
|11|0.0129776140494|33.4903510568 -5.81039973261 -17.0537043351|12.1649718328 -3.95497182426 5.79232638432 -3.95497182426 9.18525440585 6.20424612863 5.79232638432 6.20424612863 17.180942887|
|12|0.0155757391164|38.8444588256 5.44986020935 -57.3980631858|26.216110569 18.0051153536 -12.922361649 18.0051153536 26.4192973433 -3.40402296452 -12.922361649 -3.40402296452 14.0317114904|
|13|0.0146784245625|43.3751205172 -0.809614946751 -16.6993504844|41.2863785122 -22.5563880988 -9.90987037316 -22.5563880988 18.0789884823 5.4430033924 -9.90987037316 5.4430033924 6.66750414713|
|14|0.0128160583207|32.7086419526 12.0114181095 -11.6453558447|9.38011700292 -12.4104381859 -6.14413534967 -12.4104381859 31.4217089871 13.3513972829 -6.14413534967 13.3513972829 8.57892648346|
|15|0.00828546507764|33.9666404324 5.25660427175 -44.0318625268|38.1553101592 -48.4450791574 26.1638923249 -48.4450791574 70.000118164 -36.2322690545 26.1638923249 -36.2322690545 23.0710731428|
|16|0.0037102233385|48.9056718272 14.9256296191 -8.86628352835|42.4161478788 8.02356447236 7.32625233313 8.02356447236 10.9847464157 -4.20655775829 7.32625233313 -4.20655775829 6.87292364701|
|17|0.0180730318779|45.3411421476 26.4612759409 -52.1454888224|10.9739274356 -0.427118064279 -2.36972665512 -0.427118064279 13.7777193622 -5.23588620887 -2.36972665512 -5.23588620887 26.0862831889|
|18|0.00963293312722|64.4538238443 -2.92268418873 -32.7602456623|17.2378993873 14.6237652603 -8.99386515334 14.6237652603 19.2314448273 -9.10310923064 -8.99386515334 -9.10310923064 8.00435949432|
|19|0.00357371000336|58.8331020282 9.55093061588 -16.6362934139|14.7152390979 -0.372564125524 21.4958122971 -0.372564125524 2.37863279537 -0.531341548231 21.4958122971 -0.531341548231 37.3674419425|
|20|0.00873062529988|65.7698225894 -1.9880696677 -45.0998343813|7.98771283017 4.81072977065 -0.046909718551 4.81072977065 11.8607711079 -9.76254972273 -0.046909718551 -9.76254972273 25.372009784|
|21|0.0105888830061|33.0314642454 -5.51641032018 -57.9263560753|25.9969705514 -11.1696363688 7.61902526776 -11.1696363688 16.1823571437 -23.6781838991 7.61902526776 -23.6781838991 49.504861025|
|22|0.023113892353|53.6717675236 22.4301249435 -16.627649378|58.9989856552 -33.3275878159 -29.8446057819 -33.3275878159 24.5370393542 17.8273698611 -29.8446057819 17.8273698611 19.7510260191|
|23|0.00677337619178|62.7020174089 8.34680915191 -40.2343798705|4.12667130392 -0.993382952648 13.9121479039 -0.993382952648 4.15480241452 -14.9022626594 13.9121479039 -14.9022626594 176.451927351|
|24|0.0112644595763|59.3936804005 0.346936140922 -24.068293208|9.19208883926 22.1904212199 19.377538115 22.1904212199 104.22235605 103.37452654 19.377538115 103.37452654 114.368240889|
|25|0.00941267688852|42.4464579009 28.7913780643 -6.78287572724|9.93894266466 7.83196600558 -9.57179074065 7.83196600558 16.428737033 -13.5354730424 -9.57179074065 -13.5354730424 21.7412036212|
|26|0.00264521062139|43.0092281875 -9.01810845643 -24.2603800269|47.6224834377 -13.4666980502 56.750398545 -13.4666980502 11.140331175 -20.6858689411 56.750398545 -20.6858689411 76.2154506701|
|27|0.00615988935155|38.0599144221 25.4931638359 -65.9412156567|3.87149750122 2.13828801203 -3.80656904817 2.13828801203 13.4530585957 3.09486381888 -3.80656904817 3.09486381888 11.7997095999|
|28|0.00548263287289|42.2043288602 -10.5025728958 -14.2924385455|5.62802596149 4.42845807466 1.91330609087 4.42845807466 9.75890728188 5.52059207943 1.91330609087 5.52059207943 7.54554895605|
|29|0.00867888148537|50.2524141308 31.2506126246 -46.5962604965|28.0956381186 -1.93957227582 -3.19451900276 -1.93957227582 3.35755852003 -1.88712503081 -3.19451900276 -1.88712503081 7.77292415124|
|30|0.00524668727541|57.1472535875 26.081024486 -47.2892500521|39.2239991503 7.86768074925 -4.93843503575 7.86768074925 8.49163130448 -3.82214293847 -4.93843503575 -3.82214293847 7.74332303635|
|31|0.00284454133029|44.9874555003 7.47287265232 -24.8713018163|19.5392212388 -11.3768321257 9.61633276176 -11.3768321257 8.24399737857 -6.03973337219 9.61633276176 -6.03973337219 9.30542107802|
|32|0.0173647162503|23.4885653874 1.82802202145 -49.9180101719|10.0983718478 -7.48695772555 0.48287937699 -7.48695772555 21.2513285492 5.83010799279 0.48287937699 5.83010799279 28.6417761358|
|33|0.0214538961064|25.3303592791 15.0479322005 -59.4367565188|9.95912697646 -3.89969474075 -7.11945833493 -3.89969474075 17.8053802376 -4.24547897791 -7.11945833493 -4.24547897791 49.003065854|
|34|0.00645501965135|40.3382104496 19.3289271748 -3.58542075376|5.46420608993 -3.51767022682 1.41870064465 -3.51767022682 8.37269529638 0.462369650753 1.41870064465 0.462369650753 14.8785163765|
|35|0.00843600379785|35.9004713174 -0.859289773374 -49.3305192709|31.2098924104 -8.11665249564 32.8182720288 -8.11665249564 5.07187630062 -8.3055781598 32.8182720288 -8.3055781598 57.6891640093|
|36|0.0213698296412|54.4418031351 -16.1209514833 -45.908844509|31.7146056615 3.78261265988 -13.2475092323 3.78261265988 20.4122919955 -3.74387623022 -13.2475092323 -3.74387623022 12.768658146|
|37|0.00983335781712|68.4063787251 1.1391151391 -12.9876669454|4.0764598712 3.35605832767 -1.21475717606 3.35605832767 23.8716044717 -1.62790730079 -1.21475717606 -1.62790730079 11.6145713557|
|38|0.00682173152101|53.3554983423 -11.2875816305 -50.4807765784|19.7924489356 0.364383722947 -12.689733583 0.364383722947 9.84060383917 6.79937749785 -12.689733583 6.79937749785 17.7109930727|
|39|0.00620256231104|30.1395995521 8.1183838142 -40.8212789256|22.199045387 -12.0402470485 12.3085672198 -12.0402470485 49.370293327 -71.1052976657 12.3085672198 -71.1052976657 107.974529364|
|40|0.00473515369127|28.0188130027 -15.2942879631 -20.8744563695|9.77405493111 -5.44119259024 0.163638048426 -5.44119259024 9.43831600908 2.77774644646 0.163638048426 2.77774644646 3.14114098966|
|41|0.00578866309348|44.1748034133 0.00131062190225 -11.8917008196|90.0846234271 -60.997516457 -15.7385099832 -60.997516457 46.8164576898 12.5435735564 -15.7385099832 12.5435735564 7.84195806106|
|42|0.0167706952431|58.2912441035 22.3386246809 -52.9809389134|11.3641233068 10.474706297 0.266379756316 10.474706297 60.1742767855 7.89501110146 0.266379756316 7.89501110146 5.7712526661|
|43|0.00888531436797|27.9433538137 -13.8107129706 -29.2845091762|14.0408533668 -2.75916860672 7.9578718772 -2.75916860672 7.96078452112 -2.47166672926 7.9578718772 -2.47166672926 23.0252815737|
|44|0.00587108683108|53.4072030978 -21.0231831052 -52.7121230654|15.541773687 -6.71629505068 7.82798362864 -6.71629505068 9.14409754817 -7.86580727062 7.82798362864 -7.86580727062 10.615150364|
|45|0.0159424996074|51.6065313844 -0.963153339392 -10.8039255165|5.28152796822 5.9800972239 -2.45627614462 5.9800972239 42.9898553615 -9.81866970503 -2.45627614462 -9.81866970503 6.60930157703|
|46|0.00796802793372|42.1864575335 14.5318211655 -67.4735968336|7.18517346195 7.25044286632 2.25715040687 7.25044286632 21.0645476276 11.581039137 2.25715040687 11.581039137 21.536439241|
|47|0.00107539883|38.9680528442 8.7256809379 -64.7203352528|62.1251892742 34.1320233372 30.4928531624 34.1320233372 26.9153082875 23.1547951856 30.4928531624 23.1547951856 27.7472890139|
|48|0.00501972160318|28.5474641597 12.4331901193 -20.5723253819|7.77415200462 2.10294745949 2.45704253642 2.10294745949 2.76512110325 1.62563109896 2.45704253642 1.62563109896 27.8896541871|
|49|0.0123239972572|42.7862447077 16.6571915255 -48.3387064201|24.4439914929 0.673822545336 -8.2663053799 0.673822545336 10.6513505935 -7.23160916449 -8.2663053799 -7.23160916449 11.4839716718|
|50|0.00254213560173|49.7547296653 -5.81949284194 -51.4105454516|123.884270642 -36.9450756696 88.0243549032 -36.9450756696 19.2767188198 -24.1713850842 88.0243549032 -24.1713850842 64.8825642064|
|51|0.00645503782762|49.9481091147 -15.1492578874 -39.0424742405|6.69524262662 5.10315985571 4.4560720976 5.10315985571 30.4970249409 10.0074819785 4.4560720976 10.0074819785 9.5885232428|
|52|0.00952049685333|16.9664479008 24.3944472915 -20.0757810073|20.6010112066 12.3026919649 2.80162557891 12.3026919649 12.9227503671 8.88153055024 2.80162557891 8.88153055024 18.4967526572|
|53|0.012213795292|61.7225610068 -6.71080764609 -12.5772541702|7.91104728616 2.77113786683 2.71850629322 2.77113786683 18.1971869669 0.87455817077 2.71850629322 0.87455817077 8.61333533809|
|54|0.011414222097|38.2948235981 14.3291137547 -56.6662944727|5.41404969771 6.49772505367 -1.63380000031 6.49772505367 24.920048553 -17.4649424056 -1.63380000031 -17.4649424056 37.2381886514|
|55|0.00640170524271|30.1039945097 4.70863332639 -46.196401365|12.7786739612 9.53560351188 1.07113196595 9.53560351188 21.5936779562 19.4576244623 1.07113196595 19.4576244623 31.206157791|
|56|0.0124636328165|52.7190674191 22.0458625431 -62.6996914381|33.587970769 35.5235036258 5.86937356121 35.5235036258 60.7925831174 22.2395733569 5.86937356121 22.2395733569 20.5247002787|
|57|0.00550541867996|63.9990400142 -1.22757723913 -42.7258053905|4.25514367199 2.56594651772 -2.69539663812 2.56594651772 26.7788762681 -6.86790693798 -2.69539663812 -6.86790693798 6.46314630245|
|58|0.00851057483793|63.5642060787 -10.6043610981 -36.6633030719|12.1257901394 4.1350997392 -10.4805346967 4.1350997392 8.98247430558 -4.86896500468 -10.4805346967 -4.86896500468 25.0809725288|
|59|0.00763612347544|62.3391071206 16.6480917394 -53.783043172|16.8313045363 12.6581089949 -6.52988517603 12.6581089949 55.2047759115 23.8044192054 -6.52988517603 23.8044192054 25.1214616578|
|60|0.00486482171336|39.7204543591 -2.65967701912 -39.8829743268|11.6001028577 9.21791346912 10.473750697 9.21791346912 14.7707141608 21.1891374994 10.473750697 21.1891374994 39.7935304571|
|61|0.0183185649441|45.2377726124 9.59184433797 -15.6411646479|11.2082166941 -11.8755162093 -17.3395191969 -11.8755162093 23.7514744204 27.6153760668 -17.3395191969 27.6153760668 40.3719604238|
|62|0.0125961414124|44.3323443457 0.189039855982 -57.00938503|15.2054162573 -6.27748725979 6.0333550947 -6.27748725979 25.7565884637 -23.3461308279 6.0333550947 -23.3461308279 25.7774240542|
|63|0.0221745357784|25.1560702182 7.622027476 -18.2023814462|8.38708450315 -3.71673060657 -3.33842649366 -3.71673060657 92.0937812208 31.7139627481 -3.33842649366 31.7139627481 20.9216113623|
|64|0.00328993715741|57.5883541891 8.22247278002 -40.9758693725|29.1123680668 26.4096915713 -22.1329024467 26.4096915713 59.499386744 -47.6430970446 -22.1329024467 -47.6430970446 40.837603816|
|65|0.00792261132684|60.3240240407 23.7488855776 -8.14204604917|7.3377339096 -8.21321948168 -3.6982368683 -8.21321948168 20.09586102 5.2361328326 -3.6982368683 5.2361328326 11.2155149163|
|66|0.00494602979886|41.2585124616 8.9751577777 -42.6246725717|19.5376185342 -6.579194898 11.9758333353 -6.579194898 6.23237647043 -5.26023801094 11.9758333353 -5.26023801094 12.2227129538|
|67|0.00990101803416|58.5619604315 -3.76623365927 -51.1292012506|9.02785162885 -3.43232412265 -4.81447682016 -3.43232412265 20.8619598039 -12.7038398281 -4.81447682016 -12.7038398281 18.3847824756|
|68|0.0112664863478|34.559748717 24.9166756912 -12.1326285777|39.59218521 24.0790099635 -18.5196676453 24.0790099635 26.7411180574 -16.5667411137 -18.5196676453 -16.5667411137 17.9586853451|
|69|0.0120351162233|67.4974568856 9.36149002353 -25.7091338047|10.3970565025 -9.96369288561 -16.8048232274 -9.96369288561 22.8924761896 33.2022868325 -16.8048232274 33.2022868325 62.5792446494|
|70|0.0116553341106|52.5045724618 9.99714237142 -6.55858581559|4.5097878905 -10.8884854627 0.260333657818 -10.8884854627 118.143588565 -15.2499086033 0.260333657818 -15.2499086033 9.45211944532|
|71|0.0120771951015|56.2838888226 12.3823128877 -11.725869381|29.1464908411 -15.1158930463 -12.8223676254 -15.1158930463 50.9026976294 26.8099395256 -12.8223676254 26.8099395256 18.0827644409|
|72|0.00877582977919|26.0016992761 7.75329753722 -53.139119731|15.727465595 -9.02181694549 22.4447735564 -9.02181694549 11.4244294509 -8.96174913509 22.4447735564 -8.96174913509 52.7088725064|
|73|0.00512274289795|44.6797384348 15.5503085089 -23.9273814263|82.8974079577 33.2188348696 -16.2660801136 33.2188348696 32.558690088 5.37003738668 -16.2660801136 5.37003738668 12.5408289279|
|74|0.00978493803088|32.7699386926 18.3357909865 -67.6014231556|5.80159136526 2.35159263273 -3.42662990019 2.35159263273 28.2952388521 -1.39169948323 -3.42662990019 -1.39169948323 8.61569209138|
|75|0.00658797115424|35.1482136606 12.8506701183 -22.4207488046|6.33878533839 -4.7452560784 2.04161262488 -4.7452560784 10.530383913 -8.38445488528 2.04161262488 -8.38445488528 14.0843259235|
|76|0.00835927138758|43.3570860081 -15.3330906726 -14.4864339755|60.513778587 18.155063665 44.0613181842 18.155063665 8.33696278123 16.0976239234 44.0613181842 16.0976239234 38.3685473068|
|77|0.00807281545802|45.2149797456 -19.0192876685 -50.2200000248|18.8628864173 3.01886045594 -4.94353871429 3.01886045594 7.69650603855 -2.14382076271 -4.94353871429 -2.14382076271 4.61474049081|
|78|0.00815775026927|64.0437735334 6.13065870684 -48.4712109055|21.7177588092 4.15689459534 28.8349855545 4.15689459534 11.4842411723 13.7326772266 28.8349855545 13.7326772266 58.1157963012|
|79|0.0107561876021|46.6742699949 2.41270876803 -63.8157530072|72.4609559891 -33.6521828469 31.3766003993 -33.6521828469 39.1484502191 -23.97573401 31.3766003993 -23.97573401 22.1452602393|
|80|0.00369049345211|50.2404469232 8.43333818766 -30.9703662537|6.46701217668 5.09642309937 -6.94597693523 5.09642309937 11.4015476523 -11.4267465516 -6.94597693523 -11.4267465516 15.5882885031|
|81|0.00387266105174|35.653339175 9.92353496229 -6.47820167591|126.926574102 60.0387325199 39.3708618267 60.0387325199 36.3769993283 23.0572404135 39.3708618267 23.0572404135 20.3751451509|
|82|0.00314276714969|36.9595889546 -2.78653756568 -41.3853044398|12.365922069 10.2050848382 -34.1337240357 10.2050848382 11.7824957742 -34.6438432511 -34.1337240357 -34.6438432511 135.962435478|
|83|0.00775104760121|68.7618235803 -3.1501878218 -27.3665198245|20.6852128659 9.94132708772 -28.3114272278 9.94132708772 12.1829736371 -8.83134756475 -28.3114272278 -8.83134756475 53.7840643542|
|84|0.00608124408667|36.8538321665 18.1518660626 -53.8552286253|14.1638176768 -10.496566568 -8.67917310095 -10.496566568 26.2201568446 13.3240707816 -8.67917310095 13.3240707816 23.826943145|
|85|0.00400850890255|50.9002634477 -3.76844323184 -48.492937139|4.10085302589 1.0183166942 -1.42038207153 1.0183166942 11.0031328124 15.8627407805 -1.42038207153 15.8627407805 34.8835205055|
|86|0.0251287454681|60.6122483454 18.5000342288 -63.082565895|14.2888880684 18.1627952365 7.39421531305 18.1627952365 60.6451262713 21.2580559401 7.39421531305 21.2580559401 15.4393712974|
|87|0.00850270867938|60.6028386513 3.34503381275 -25.3699073508|16.7572923098 -16.4585245858 8.75307376749 -16.4585245858 33.2479243206 -14.0211580502 8.75307376749 -14.0211580502 9.34523329972|
|88|0.00439396457547|68.9000851059 -0.95118972102 -19.6270702423|7.5494961561 -3.09138681824 -2.74184262104 -3.09138681824 10.3089287146 3.39926772074 -2.74184262104 3.39926772074 4.52427052746|
|89|0.00293729046084|33.1432501721 9.96640375532 -26.4903347701|51.5054048904 3.95182813229 -21.6750780714 3.95182813229 2.70564119369 3.97534297638 -21.6750780714 3.97534297638 33.8006461297|
|90|0.0108079194008|33.7431131244 7.64901746274 -23.1770755472|61.9299823131 32.4829499803 -22.2066446306 32.4829499803 27.1054586973 -7.01445626387 -22.2066446306 -7.01445626387 13.4298468429|
|91|0.0252473698278|27.9075211235 22.6830506335 -18.7707615683|40.3913644649 19.7587816289 -2.09912429053 19.7587816289 19.514073961 8.49325512886 -2.09912429053 8.49325512886 18.6812928971|
|92|0.0104891660103|38.7074627868 -0.286366411083 -25.8061676323|20.1503241134 -9.29066374431 -2.08860941382 -9.29066374431 8.7718932523 0.14559214675 -2.08860941382 0.14559214675 4.14484720784|
|93|0.0143613821845|30.0739224444 4.42722600345 -64.288911694|7.94549592141 -5.17885569155 -2.71439202446 -5.17885569155 29.3364606996 4.24569329281 -2.71439202446 4.24569329281 10.0682664829|
|94|0.00135660180067|36.6563931991 -4.72075931628 -40.8939582121|16.0478094736 -6.82841243788 -2.17644087532 -6.82841243788 21.6929248999 -6.5778071051 -2.17644087532 -6.5778071051 4.20772425183|
|95|0.00417014892517|41.5815964166 22.4846122101 -13.6608379235|57.7444924908 37.2868879234 -4.60213519935 37.2868879234 27.1689095885 -2.58850585535 -4.60213519935 -2.58850585535 3.54109027504|
|96|0.0105405761172|51.575337971 28.7461197633 -6.22509056592|6.87860974433 2.20652107122 -3.73236762597 2.20652107122 14.2110363674 -1.7594096112 -3.73236762597 -1.7594096112 8.50427260806|
|97|0.012949490888|32.2108170353 20.0621706268 -54.1597337306|20.2786553014 7.86547314046 -18.0653296181 7.86547314046 9.23226798985 -7.33542852855 -18.0653296181 -7.33542852855 23.7033335535|
|98|0.00924443932553|25.8482086378 25.3215265292 -58.0159612123|19.3420061628 8.18886407209 3.86598275898 8.18886407209 5.65762014263 3.29079703918 3.86598275898 3.29079703918 41.1208219318|
|99|0.00696722076509|46.3935330824 9.04454614202 -31.0262516299|15.2810153319 -12.6585106508 -9.58855699905 -12.6585106508 22.9295271339 9.49721002974 -9.58855699905 9.49721002974 8.95001446955|
